   -1.956526935100555e-01
   -2.068273127079010e-01
   -1.557647138834000e-01
   -1.217189952731133e-01
   -1.464385688304901e-01
   -2.098971903324127e-01
   -1.896051764488220e-01
   -2.740790247917175e-01
   -1.179891452193260e-01
   -2.578194439411163e-01
   -1.385112702846527e-01
   -2.485438585281372e-01
   -1.278695166110992e-01
   -1.221659779548645e-01
   -1.368371993303299e-01
   -1.944290995597839e-01
   -3.962357640266418e-01
   -2.132169306278229e-01
   -1.298534423112869e-01
   -1.300929039716721e-01
   -2.058964073657990e-01
   -2.262385785579681e-01
   -1.573586612939835e-01
   -1.711086630821228e-01
   -4.017843604087830e-01
   -1.268898993730545e-01
   -1.487813591957092e-01
   -3.751333951950073e-01
   -1.212861388921738e-01
   -1.708652973175049e-01
   -2.147459983825684e-01
   -3.999715447425842e-01
   -1.716581135988235e-01
   -2.039970308542252e-01
   -1.383699029684067e-01
   -1.556345075368881e-01
   -1.799088865518570e-01
   -1.397099196910858e-01
   -1.432645022869110e-01
   -2.258445620536804e-01
   -1.942822039127350e-01
   -1.294426172971725e-01
   -1.547321379184723e-01
   -1.607122421264648e-01
   -1.474460363388062e-01
   -1.697966903448105e-01
   -2.089386582374573e-01
   -3.716444373130798e-01
   -3.878537416458130e-01
   -1.470876932144165e-01
   -1.862979382276535e-01
   -1.280305832624435e-01
   -1.429754495620728e-01
   -1.177596375346184e-01
   -3.743531405925751e-01
   -1.480282992124557e-01
   -4.078249335289001e-01
   -2.181901186704636e-01
   -1.511791199445724e-01
   -1.345133483409882e-01
   -2.094506770372391e-01
   -3.636252582073212e-01
   -1.458255201578140e-01
   -1.921226829290390e-01
   -1.370514482259750e-01
   -1.261598318815231e-01
   -1.232241392135620e-01
   -4.083134233951569e-01
   -2.696632742881775e-01
   -1.429993361234665e-01
   -1.958603709936142e-01
   -1.402712613344193e-01
   -1.509992480278015e-01
   -1.955054700374603e-01
   -3.995338678359985e-01
   -3.544189333915710e-01
   -1.209975928068161e-01
   -1.273218989372253e-01
   -3.903304636478424e-01
   -2.096609175205231e-01
   -1.302646696567535e-01
   -2.178185284137726e-01
   -2.218445539474487e-01
   -2.396107167005539e-01
   -1.938086003065109e-01
   -1.619079858064651e-01
   -1.234955564141273e-01
   -1.542569696903229e-01
   -1.761983036994934e-01
   -3.975620567798615e-01
   -2.596996128559113e-01
   -3.012691736221313e-01
   -1.976491510868073e-01
   -1.192971691489220e-01
   -1.392156332731247e-01
   -1.825243979692459e-01
   -1.247646138072014e-01
   -2.542495727539062e-01
   -2.412728816270828e-01
   -1.219499036669731e-01
   -1.699538826942444e-01
   -1.766162812709808e-01
   -3.374264240264893e-01
   -1.343955397605896e-01
   -1.514458358287811e-01
   -2.115191817283630e-01
   -1.893240213394165e-01
   -1.328023076057434e-01
   -1.706944853067398e-01
   -1.288827359676361e-01
   -1.723872870206833e-01
   -4.047710299491882e-01
   -4.008950293064117e-01
   -2.266470938920975e-01
   -4.073578119277954e-01
   -3.807750046253204e-01
   -2.837087512016296e-01
   -1.468605995178223e-01
   -1.310247182846069e-01
   -4.083086848258972e-01
   -1.986698955297470e-01
   -1.286520659923553e-01
   -2.459297925233841e-01
   -1.459237188100815e-01
   -2.430211752653122e-01
   -2.881574630737305e-01
   -2.625516653060913e-01
   -1.234640404582024e-01
   -3.932256996631622e-01
   -1.407040506601334e-01
   -2.072273939847946e-01
   -4.080788195133209e-01
   -3.396317064762115e-01
   -2.690116465091705e-01
   -1.203803047537804e-01
   -1.800530254840851e-01
   -1.876406222581863e-01
   -1.871586292982101e-01
   -1.591926068067551e-01
   -1.842309087514877e-01
   -1.278305798768997e-01
   -2.655559480190277e-01
   -1.443710625171661e-01
   -1.718274354934692e-01
   -1.503481417894363e-01
   -1.508467495441437e-01
   -2.376236170530319e-01
   -3.330394625663757e-01
   -1.686785966157913e-01
   -2.133224755525589e-01
   -1.668732315301895e-01
   -1.314319968223572e-01
   -1.870302259922028e-01
   -1.543716490268707e-01
   -1.390469223260880e-01
   -1.219359934329987e-01
   -4.083159267902374e-01
   -1.345107406377792e-01
   -2.348108589649200e-01
   -4.052329361438751e-01
   -2.194498032331467e-01
   -2.200579494237900e-01
   -1.426025927066803e-01
   -2.308726459741592e-01
   -1.229380071163177e-01
   -3.204488754272461e-01
   -1.206497848033905e-01
   -1.333108842372894e-01
   -1.250120848417282e-01
   -1.881585717201233e-01
   -3.848258554935455e-01
   -1.837403029203415e-01
   -1.838557273149490e-01
   -2.838364541530609e-01
   -2.039484083652496e-01
   -1.618473827838898e-01
   -1.819232702255249e-01
   -4.027927219867706e-01
   -1.467868834733963e-01
   -2.566174566745758e-01
   -3.970449268817902e-01
   -1.784325093030930e-01
   -4.068725407123566e-01
   -3.992755115032196e-01
   -1.622017323970795e-01
   -1.859573125839233e-01
   -2.476729452610016e-01
   -2.029861956834793e-01
   -1.182298734784126e-01
   -1.472304314374924e-01
   -2.368035763502121e-01
   -1.213263273239136e-01
   -2.636462152004242e-01
   -1.217840537428856e-01
   -3.558992147445679e-01
   -1.419135779142380e-01
   -1.555841565132141e-01
   -2.046713083982468e-01
   -2.626570463180542e-01
   -3.934124410152435e-01
   -1.272505372762680e-01
   -1.179513707756996e-01
   -1.202638521790504e-01
   -1.918256580829620e-01
   -2.124218344688416e-01
   -1.234650537371635e-01
   -1.232532635331154e-01
   -1.627467721700668e-01
   -2.454590946435928e-01
   -2.162243872880936e-01
   -1.847063750028610e-01
   -3.473649024963379e-01
   -1.645272076129913e-01
   -1.618983745574951e-01
   -1.642486602067947e-01
   -2.268285751342773e-01
   -2.541395425796509e-01
   -1.208418905735016e-01
   -1.578775942325592e-01
   -1.458391100168228e-01
   -1.691878288984299e-01
   -1.570731401443481e-01
   -1.858484447002411e-01
   -1.454120725393295e-01
   -3.589302301406860e-01
   -1.477684825658798e-01
   -1.592609733343124e-01
   -1.275254786014557e-01
   -1.545324623584747e-01
   -1.245849877595901e-01
   -1.357031613588333e-01
   -2.371767312288284e-01
   -1.471455246210098e-01
   -1.246826276183128e-01
   -1.785575896501541e-01
   -2.079352140426636e-01
   -2.304521054029465e-01
   -2.644811868667603e-01
   -3.657374978065491e-01
   -1.297318190336227e-01
   -1.419575065374374e-01
   -1.471589058637619e-01
   -1.946192532777786e-01
   -3.798816800117493e-01
   -1.316138207912445e-01
   -1.576502472162247e-01
   -1.239537373185158e-01
   -3.707158565521240e-01
   -2.724491357803345e-01
   -4.068270027637482e-01
   -4.071037769317627e-01
   -1.947674304246902e-01
   -1.399879455566406e-01
   -1.919987797737122e-01
   -1.371693313121796e-01
   -2.392430305480957e-01
   -1.724841445684433e-01
   -1.819766908884048e-01
   -3.171678483486176e-01
   -1.679923385381699e-01
   -1.267074346542358e-01
   -2.018398940563202e-01
   -1.326373666524887e-01
   -2.031752765178680e-01
   -3.740416467189789e-01
   -1.248056292533875e-01
   -3.976349830627441e-01
   -1.202120408415794e-01
   -1.680375784635544e-01
   -3.442844152450562e-01
   -1.952306628227234e-01
   -4.061537384986877e-01
   -1.260222345590591e-01
   -1.595306098461151e-01
   -2.835787832736969e-01
   -2.238315641880035e-01
   -1.760723888874054e-01
   -2.665042281150818e-01
   -4.081857204437256e-01
   -1.492027342319489e-01
   -1.410006731748581e-01
   -1.618926674127579e-01
   -1.419746428728104e-01
   -1.894725114107132e-01
   -1.516071110963821e-01
   -3.682300746440887e-01
   -2.595449090003967e-01
   -2.182351201772690e-01
   -1.242641285061836e-01
   -1.397294551134109e-01
   -2.506308555603027e-01
   -1.383942514657974e-01
   -1.426825970411301e-01
   -1.365882456302643e-01
   -1.270339041948318e-01
   -4.009929001331329e-01
   -1.642998903989792e-01
   -1.401972621679306e-01
   -2.031372934579849e-01
   -1.730437129735947e-01
   -2.202844619750977e-01
   -1.192178949713707e-01
   -3.363842666149139e-01
   -2.600165605545044e-01
   -1.261557340621948e-01
   -1.711407005786896e-01
   -1.909996122121811e-01
   -2.132197767496109e-01
   -1.828449517488480e-01
   -2.543055117130280e-01
   -2.267940342426300e-01
   -1.443603187799454e-01
   -2.099424898624420e-01
   -2.136754989624023e-01
   -2.082355767488480e-01
   -2.051600664854050e-01
   -1.240208372473717e-01
   -2.532596588134766e-01
   -3.570920228958130e-01
   -1.384619772434235e-01
   -1.200592294335365e-01
   -1.260491013526917e-01
   -4.071367979049683e-01
   -2.524290084838867e-01
   -1.558914631605148e-01
   -3.745772838592529e-01
   -2.183530628681183e-01
   -2.167515158653259e-01
   -2.433574646711349e-01
   -1.345025151968002e-01
   -1.779647171497345e-01
   -3.162167966365814e-01
   -1.277709901332855e-01
   -3.936203122138977e-01
   -1.300958544015884e-01
   -1.534783244132996e-01
   -1.481752991676331e-01
   -1.909102499485016e-01
   -1.274902671575546e-01
   -1.267425864934921e-01
   -3.406842648983002e-01
   -1.550830006599426e-01
   -1.343319267034531e-01
   -1.543156206607819e-01
   -2.252386957406998e-01
   -1.613634824752808e-01
   -1.214038208127022e-01
   -1.282521635293961e-01
   -1.644880175590515e-01
   -4.057985544204712e-01
   -1.939531564712524e-01
   -1.928140968084335e-01
   -2.696960866451263e-01
   -2.576896548271179e-01
   -2.233396768569946e-01
   -2.076344490051270e-01
   -1.244577094912529e-01
   -1.681616604328156e-01
   -1.249143406748772e-01
   -1.826690435409546e-01
   -2.599602639675140e-01
   -2.915212512016296e-01
   -1.774078011512756e-01
   -2.119293957948685e-01
   -2.258410900831223e-01
   -1.508419215679169e-01
   -2.056946456432343e-01
   -4.043985009193420e-01
   -1.492632180452347e-01
   -1.852764636278152e-01
   -1.312033385038376e-01
   -1.871992200613022e-01
   -3.060957789421082e-01
   -2.214223146438599e-01
   -1.291570365428925e-01
   -1.267548054456711e-01
   -3.458845913410187e-01
   -1.530448496341705e-01
   -1.680360585451126e-01
   -2.097369581460953e-01
   -1.909137219190598e-01
   -1.909361034631729e-01
   -1.750682890415192e-01
   -1.634011268615723e-01
   -1.306675821542740e-01
   -1.530751734972000e-01
   -1.581958532333374e-01
   -1.193847283720970e-01
   -2.109463065862656e-01
   -1.617604643106461e-01
   -2.864882946014404e-01
   -2.499844580888748e-01
   -1.491483300924301e-01
   -3.303929567337036e-01
   -1.640573441982269e-01
   -2.245770096778870e-01
   -2.280130535364151e-01
   -2.678099870681763e-01
   -1.599519550800323e-01
   -2.910061180591583e-01
   -2.580406665802002e-01
   -3.498416543006897e-01
   -3.942302465438843e-01
   -1.422606855630875e-01
