   -1.385884761810303e+00    -6.977667212486267e-01    -2.182277888059616e-01
    1.352730035781860e+00    -9.117321111261845e-03     5.265284776687622e-01
   -4.321313500404358e-01     1.692546129226685e+00     1.210214138031006e+00
   -1.109310746192932e+00     4.313365519046783e-01     2.625755071640015e+00
   -9.014404416084290e-01    -1.693159461021423e+00    -1.268668889999390e+00
    5.729144215583801e-01    -1.034516930580139e+00     7.903829813003540e-01
    1.196220636367798e+00     1.014612317085266e+00    -4.636011421680450e-01
   -9.173510968685150e-02    -5.754557847976685e-01    -8.042382001876831e-01
   -6.344654560089111e-01    -2.777693033218384e+00     9.071906208992004e-01
    6.085991263389587e-01     5.027310848236084e-01    -7.226590514183044e-01
   -2.246686697006226e+00     3.942782580852509e-01     9.364244341850281e-01
    5.392294526100159e-01     9.826425909996033e-01    -1.037311404943466e-01
   -8.453481197357178e-01     6.141960024833679e-01    -2.509657621383667e+00
    6.058335900306702e-01     1.660711467266083e-01    -2.800881624221802e+00
   -1.663924217224121e+00     9.324572086334229e-01    -1.620931506156921e+00
   -9.495868682861328e-01    -4.218875765800476e-01    -1.190818428993225e+00
    4.262503609061241e-02     4.429215192794800e-01     3.593192100524902e-01
   -2.062933146953583e-01     7.424471974372864e-01    -1.159077763557434e+00
    2.106870561838150e-01    -6.946649551391602e-01     2.567863941192627e+00
   -1.143115088343620e-01     1.553278207778931e+00    -2.159504890441895e+00
    9.250458478927612e-01     1.124503135681152e+00     1.156463548541069e-01
    9.306373000144958e-01    -2.052555680274963e-01     8.577042818069458e-01
    6.367814540863037e-02     1.245677590370178e+00    -1.686042070388794e+00
   -5.178987383842468e-01     1.719271779060364e+00    -5.519136190414429e-01
   -3.712806999683380e-01    -1.552590280771255e-01    -3.319149315357208e-01
    7.168566435575485e-02    -2.688615083694458e+00    -5.423822402954102e-01
    9.250166416168213e-01    -1.942641139030457e+00    -6.712656617164612e-01
    6.256599426269531e-01     1.592091172933578e-01    -2.553333640098572e-01
    1.435133934020996e+00    -2.312257528305054e+00    -9.875286221504211e-01
   -1.390139818191528e+00     9.427963495254517e-01     8.489810228347778e-01
   -4.765303805470467e-02     7.062637060880661e-02     1.375519633293152e+00
   -9.641999006271362e-02     8.508711308240891e-02     5.243861675262451e-01
   -1.446033596992493e+00    -6.088737249374390e-01     1.018317103385925e+00
   -4.188634157180786e-01     6.826080679893494e-01    -1.243956089019775e+00
   -1.982348561286926e+00    -3.282655030488968e-03     1.471609830856323e+00
    1.136653900146484e+00    -1.160680770874023e+00     1.373566389083862e+00
    6.161085367202759e-01     1.105677843093872e+00    -1.217655539512634e+00
   -1.161730527877808e+00     1.887563943862915e+00    -1.019194364547729e+00
    2.096450328826904e+00     5.925811529159546e-01    -9.181239008903503e-01
    3.581334650516510e-02    -6.482745409011841e-01    -1.109185338020325e+00
   -1.127315759658813e+00    -5.368460416793823e-01     9.715371131896973e-01
   -1.376566410064697e+00     3.858264386653900e-01     2.265353679656982e+00
   -1.517105340957642e+00    -1.289954781532288e+00     7.929349541664124e-01
   -6.652029156684875e-01    -1.755241513252258e+00     8.000543713569641e-01
    1.606073230504990e-02    -7.714334726333618e-01     2.145334243774414e+00
   -1.220154523849487e+00     1.207599282264709e+00    -8.091050982475281e-01
   -8.705121874809265e-01    -7.979982495307922e-01     8.089007139205933e-01
    1.936960816383362e-01     4.747208654880524e-01    -4.908869564533234e-01
   -1.987034529447556e-01     3.620916306972504e-01    -4.736821055412292e-01
   -1.541409969329834e+00    -9.357534646987915e-01    -1.406561851501465e+00
   -4.681417942047119e-01    -6.629401445388794e-01     1.465594291687012e+00
   -1.162650108337402e+00     2.386496067047119e+00     5.663695931434631e-01
    4.764212965965271e-01     2.142829179763794e+00     8.938174247741699e-01
   -3.231975808739662e-02    -1.567297101020813e+00    -2.554283857345581e+00
   -5.741154551506042e-01     2.226765453815460e-01     3.282485008239746e-01
   -3.210511505603790e-01    -9.641374349594116e-01     2.028163194656372e+00
   -6.353785097599030e-02     1.272835582494736e-01     3.937613964080811e-01
    8.342393636703491e-01    -8.922634720802307e-01     5.704059004783630e-01
   -5.418215319514275e-02     5.016961097717285e-01    -2.149965524673462e+00
    5.350341200828552e-01     2.272957563400269e+00     1.040427327156067e+00
   -7.641925215721130e-01     1.164144635200500e+00     3.096455335617065e-01
    3.954977691173553e-01     6.286958456039429e-01     1.110600586980581e-02
   -1.732781171798706e+00    -7.765478491783142e-01     1.318993926048279e+00
    1.171546950936317e-01     1.246287941932678e+00    -1.006829619407654e+00
    4.739288985729218e-01    -2.063716351985931e-01     2.444216728210449e+00
    1.484057158231735e-01    -1.821023106575012e+00    -2.072335004806519e+00
   -1.837493538856506e+00    -1.249649047851562e+00    -1.770594000816345e+00
   -3.959363326430321e-02    -1.844152063131332e-01     3.162476718425751e-01
    9.279200434684753e-01    -1.712085492908955e-02     3.888199329376221e-01
    1.536957859992981e+00     1.369389772415161e+00     1.173788905143738e+00
   -8.291622996330261e-02     3.242127895355225e-01    -1.528416872024536e+00
   -1.778347253799438e+00     1.645762681961060e+00    -1.453688591718674e-01
   -1.307606339454651e+00     3.736460581421852e-02     1.783434152603149e+00
   -5.217931047081947e-02     1.412762761116028e+00    -6.794320940971375e-01
   -3.663163483142853e-01     3.060302138328552e-01    -2.609807848930359e-01
    6.377052068710327e-01    -2.085212171077728e-01    -3.919329941272736e-01
    2.213767290115356e+00    -1.381771713495255e-01     1.873146295547485e+00
    7.729344964027405e-01    -2.315177202224731e+00     1.228559851646423e+00
    2.569867670536041e-01    -9.889842569828033e-02     5.480020046234131e-01
    9.713844656944275e-01    -4.485214352607727e-01    -9.405902624130249e-01
    6.575015187263489e-01     2.384109973907471e+00     9.748374819755554e-01
   -7.324321866035461e-01     2.316800504922867e-02     1.135367512702942e+00
    1.737516671419144e-01     5.130544304847717e-01     1.200955152511597e+00
   -8.550654053688049e-01    -1.200080662965775e-01    -8.102673292160034e-01
   -7.450085878372192e-01     7.780176997184753e-01    -1.165917396545410e+00
    6.098852157592773e-01    -1.535786628723145e+00     1.163133740425110e+00
   -5.142923593521118e-01     2.778625965118408e+00     2.138180583715439e-01
    9.596783518791199e-01     1.669721961021423e+00    -9.601938724517822e-01
   -2.392259240150452e-02     8.552370220422745e-02     1.804119706153870e+00
    3.207236826419830e-01    -7.674636691808701e-02    -4.541499316692352e-01
    3.286248743534088e-01    -9.161304682493210e-02     1.003150820732117e+00
   -2.853856235742569e-02    -1.446833312511444e-01     9.190693497657776e-01
   -3.873108327388763e-01    -4.735080301761627e-01    -1.418982386589050e+00
    2.856819331645966e-01    -2.251912355422974e+00    -1.887006998062134e+00
   -4.479022622108459e-01    -2.388117790222168e+00     3.165337741374969e-01
   -1.174285531044006e+00    -1.132377743721008e+00    -5.527905821800232e-01
   -2.759127855300903e+00    -5.143930763006210e-02    -4.718621671199799e-01
   -3.290571272373199e-01     6.054912805557251e-01    -8.457586765289307e-01
    1.703374087810516e-01     1.319185793399811e-01     1.152859807014465e+00
   -1.095654845237732e+00    -2.549824953079224e+00    -7.563251256942749e-01
    3.391026332974434e-02    -6.762788295745850e-01    -1.770416617393494e+00
   -2.817317545413971e-01     1.491055369377136e+00     9.692400097846985e-01
   -4.290525913238525e-01    -3.766214251518250e-01    -6.061715483665466e-01
    2.543300628662109e+00    -2.788467705249786e-01    -5.478796362876892e-02
   -1.039445519447327e+00    -6.138415932655334e-01     1.843306303024292e+00
    3.875172734260559e-01     8.020970821380615e-01     1.089509844779968e+00
    8.447921872138977e-01     1.347426056861877e+00    -3.961383998394012e-01
   -1.150281906127930e+00     1.648660421371460e+00    -1.643673062324524e+00
    1.468582034111023e+00    -1.146935462951660e+00     2.817272841930389e-01
   -3.839934468269348e-01     2.656593561172485e+00     2.148368060588837e-01
   -4.750493466854095e-01    -1.209985136985779e+00    -1.330279231071472e+00
   -3.257539570331573e-01    -2.582179009914398e-01     2.488684952259064e-01
    5.320286378264427e-02     6.049047037959099e-02    -5.247584581375122e-01
   -9.483645558357239e-01     3.912382721900940e-01    -7.636817693710327e-01
   -2.634581327438354e-01    -2.208641022443771e-01    -2.651203572750092e-01
   -4.711518064141273e-02     6.281420588493347e-01    -2.196833342313766e-01
    2.537188231945038e-01    -3.004541099071503e-01    -8.888319134712219e-01
    1.705199599266052e+00    -1.503496766090393e+00    -2.868817150592804e-01
   -1.749575853347778e+00     1.009997248649597e+00     1.698977231979370e+00
    3.106308542191982e-02     1.113798096776009e-02     3.659435808658600e-01
   -6.617438793182373e-02     1.393827080726624e+00    -6.380058526992798e-01
   -2.693952798843384e+00     1.291635036468506e-01    -9.172874689102173e-02
   -6.804041862487793e-01    -1.203118711709976e-01    -9.095318317413330e-01
   -1.424934864044189e+00    -1.789036870002747e+00    -3.242309391498566e-01
   -1.154434800148010e+00     2.597382478415966e-02    -1.220963150262833e-01
   -6.781593561172485e-01     2.585514187812805e-01     6.311762928962708e-01
    7.207754850387573e-01     7.069067955017090e-01     2.650746405124664e-01
    2.269199371337891e+00    -4.153763353824615e-01     1.647434830665588e+00
    2.115079015493393e-02    -1.013773530721664e-01     5.849913358688354e-01
   -6.993114948272705e-01     1.607957482337952e+00     1.665102481842041e+00
    4.055792987346649e-01    -1.341741919517517e+00     3.622389733791351e-01
    2.968549914658070e-02     3.344340622425079e-01     9.210620075464249e-02
   -6.877929568290710e-01    -4.424076378345490e-01    -1.154860481619835e-01
    2.370101809501648e-01     9.676132798194885e-01    -1.636742204427719e-01
    4.895338416099548e-01    -2.791451692581177e+00    -7.062259912490845e-01
   -2.856653332710266e-01    -1.931348890066147e-01     1.720242142677307e+00
   -1.609107665717602e-02    -8.034123182296753e-01    -1.451409697532654e+00
    2.346404492855072e-01     3.330968916416168e-01     1.614200234413147e+00
   -1.252085566520691e+00    -1.349184036254883e+00    -9.380512833595276e-01
   -1.145207643508911e+00     9.559112787246704e-01     8.171103596687317e-01
   -3.156639337539673e-01    -2.685909509658813e+00    -2.861702144145966e-01
    9.686479717493057e-02     1.021098613739014e+00     6.305646151304245e-02
    1.702261209487915e+00     1.264428615570068e+00     9.928126335144043e-01
    1.503750801086426e+00     1.065294265747070e+00     3.056283593177795e-01
   -1.916191279888153e-01     7.996376752853394e-01    -2.066415309906006e+00
    5.151141434907913e-02     1.695629477500916e+00     1.423627853393555e+00
   -6.701586246490479e-01    -4.091452956199646e-01    -9.045773744583130e-01
   -4.607074856758118e-01    -6.963019371032715e-01     1.355958282947540e-01
    7.197082638740540e-01    -1.391591906547546e+00    -1.100430965423584e+00
   -1.127516269683838e+00     7.863570451736450e-01     2.120012789964676e-01
   -1.060374021530151e+00    -1.422130584716797e+00    -7.902936339378357e-01
    2.032975912094116e+00    -1.530024170875549e+00    -6.643440723419189e-01
    7.863126397132874e-01    -1.356936097145081e+00    -5.632663369178772e-01
   -2.015440165996552e-01    -5.503269433975220e-01     2.068473577499390e+00
    2.777017354965210e-01    -1.888360142707825e+00     1.542399644851685e+00
   -2.828919291496277e-01     1.643082141876221e+00     2.344478130340576e+00
   -3.006528019905090e-01    -2.341860234737396e-01     6.529647856950760e-02
    1.442860126495361e+00    -1.992191672325134e+00     6.962210536003113e-01
   -3.640923798084259e-01    -9.934423565864563e-01    -6.028189659118652e-01
    2.353779077529907e-01    -1.444946601986885e-02     4.151358604431152e-01
    1.030937075614929e+00    -5.526538491249084e-01     6.484150886535645e-01
   -4.473597705364227e-01     7.664859294891357e-01     9.936830401420593e-01
    1.729520201683044e+00     1.337227940559387e+00    -9.354561567306519e-01
    9.651541113853455e-01     5.052350163459778e-01    -6.060109734535217e-01
   -2.748483180999756e+00    -7.371250987052917e-01    -1.417888402938843e-01
    8.560251593589783e-01     1.585707664489746e-01    -1.382233649492264e-01
    8.601593971252441e-02    -2.562310934066772e+00     1.383118987083435e+00
   -1.062740802764893e+00     1.005988661199808e-02    -2.356003522872925e+00
   -4.336085617542267e-01    -8.792292475700378e-01     2.615357398986816e+00
    7.132807374000549e-01     1.490672826766968e+00     2.942352369427681e-02
   -4.555161297321320e-01     3.646180331707001e-01    -2.766736447811127e-01
   -1.706670284271240e+00    -3.162630274891853e-02    -1.424464862793684e-02
    1.509673237800598e+00    -1.217847689986229e-01     7.842364311218262e-01
   -2.089538276195526e-01     3.766738474369049e-01    -8.709563612937927e-01
   -3.563934564590454e-01    -1.315585732460022e+00    -5.766144394874573e-01
    1.038151025772095e+00    -6.984338164329529e-01     1.588055372238159e+00
   -5.800282955169678e-01     4.741439223289490e-01     1.559536933898926e+00
    1.935550272464752e-01    -4.363300502300262e-01     1.805403232574463e-01
   -2.108958721160889e+00     5.840950012207031e-01    -6.843374371528625e-01
   -1.968910694122314e-01     5.710667371749878e-01    -8.918034434318542e-01
    3.947383761405945e-01     4.042013585567474e-01    -2.424218691885471e-02
    2.202655375003815e-01    -1.350022315979004e+00    -1.132692098617554e+00
   -2.424602657556534e-01    -3.748467862606049e-01    -1.092708576470613e-02
    3.254741728305817e-01    -4.365332052111626e-02    -4.366850256919861e-01
   -6.063734292984009e-01    -8.718100190162659e-01     1.713590025901794e+00
   -1.628556251525879e+00     2.321216315031052e-01     3.384248912334442e-01
   -4.507716596126556e-01    -5.397810339927673e-01     8.859462141990662e-01
   -2.503119409084320e-01     1.701347678899765e-01     1.458559036254883e+00
    1.005624175071716e+00     2.774900674819946e+00    -4.327990114688873e-01
   -8.277851343154907e-01    -8.582699894905090e-01    -1.948151707649231e+00
   -3.067641258239746e-01     7.914639115333557e-01    -8.532612919807434e-01
   -7.651821970939636e-01     2.753800868988037e+00    -4.537497460842133e-01
    6.377187967300415e-01    -1.975246816873550e-01    -7.946208715438843e-01
    4.467310011386871e-01    -3.843407612293959e-03    -2.846251487731934e+00
   -5.225935578346252e-01    -5.381708741188049e-01    -1.812799423933029e-01
    6.978361010551453e-01    -1.560685038566589e+00     1.673547863960266e+00
    4.859350621700287e-01    -1.012022972106934e+00    -1.808123350143433e+00
    2.968066036701202e-01     7.004199624061584e-01    -1.261079549789429e+00
    2.084042504429817e-02     1.672601848840714e-01    -1.029508829116821e+00
    1.190699934959412e-01     5.567186474800110e-01     1.651659756898880e-01
    1.452643275260925e+00     8.926243185997009e-01     2.137741088867188e+00
    1.790302991867065e+00     2.243624687194824e+00    -8.418822288513184e-01
    1.490039944648743e+00    -1.010830178856850e-01     2.513880729675293e+00
    1.284653782844543e+00     9.104572534561157e-01     3.351627290248871e-01
    9.763157963752747e-01     5.755205750465393e-01     8.203387260437012e-01
    2.470240592956543e+00     1.388974666595459e+00    -6.594543904066086e-02
   -5.442413091659546e-01    -2.178566932678223e+00    -1.739578366279602e+00
   -1.486639380455017e-01     4.986274838447571e-01    -1.938505887985229e+00
    5.518330335617065e-01    -9.889074563980103e-01    -1.707090437412262e-01
   -9.280380606651306e-01    -6.117467880249023e-01    -7.925219535827637e-01
    5.529409646987915e-01    -1.204805016517639e+00     1.056163191795349e+00
    9.484317153692245e-02    -1.383786946535110e-01     7.833747267723083e-01
    1.487173199653625e+00    -1.599016487598419e-01    -1.295264124870300e+00
    1.518990755081177e+00     7.990399003028870e-01    -1.066920161247253e+00
    3.957182168960571e-01     1.938409090042114e+00     1.357854157686234e-01
   -2.449657022953033e-02     7.709309458732605e-01    -1.018387317657471e+00
   -2.853950560092926e-01    -1.007468938827515e+00     3.085165619850159e-01
    2.610926866531372e+00     1.266692757606506e+00    -1.807822138071060e-01
    4.056114256381989e-01     2.041969537734985e+00    -1.640203595161438e-01
    9.369725584983826e-01     1.000805139541626e+00    -1.861320734024048e+00
    1.812467217445374e+00     5.891026854515076e-01    -6.460885703563690e-02
    9.366312623023987e-01    -9.112231731414795e-01    -1.646716237068176e+00
   -7.118526697158813e-01    -4.627987742424011e-01    -1.450579762458801e+00
    2.099812269210815e+00     6.160118579864502e-01     7.714154720306396e-01
    6.142308115959167e-01    -1.089483350515366e-01     4.353263676166534e-01
   -8.145552277565002e-01     2.025746583938599e+00     6.339879631996155e-01
   -1.405136942863464e+00     1.435112118721008e+00     4.787777364253998e-01
   -8.883014321327209e-01    -1.814575672149658e+00    -1.832068920135498e+00
   -1.185418605804443e+00     1.577259182929993e+00     8.465839028358459e-01
   -1.100165247917175e+00     1.105013608932495e+00     2.331010818481445e+00
    1.073770523071289e+00    -2.262752294540405e+00     3.496734499931335e-01
    7.381526827812195e-01     9.438045024871826e-01    -8.145648986101151e-02
    1.281623721122742e+00    -1.136233210563660e+00     1.513671278953552e+00
   -2.009092807769775e+00    -1.879280209541321e+00     5.312467217445374e-01
   -1.032629489898682e+00     1.269408345222473e+00     6.858581304550171e-01
    1.429146289825439e+00    -1.089696139097214e-01    -1.483489274978638e-01
   -1.009842157363892e+00    -7.255308032035828e-01    -1.254216134548187e-01
   -8.652628064155579e-01    -3.383861482143402e-01    -4.523620605468750e-01
   -6.521407514810562e-02    -1.316569596529007e-01     7.196230888366699e-01
    1.714525818824768e+00    -1.928282141685486e+00     6.922115683555603e-01
    1.754607796669006e+00     1.953408122062683e-01    -1.613145947456360e+00
   -1.451655745506287e+00    -3.577634096145630e-01    -1.728665232658386e+00
    3.068205714225769e-01    -1.115333914756775e+00    -1.073762178421021e+00
    5.622712895274162e-02    -5.432806611061096e-01     3.908057212829590e-01
   -3.243532776832581e-01    -2.330809116363525e+00    -1.163723111152649e+00
    1.655127704143524e-01    -2.002459526062012e+00     5.832483172416687e-01
   -1.610896229743958e+00    -1.680392146110535e+00    -1.594348788261414e+00
   -4.800874590873718e-01    -2.760707139968872e-01    -4.503945708274841e-01
   -4.599923789501190e-01     9.995610266923904e-02     8.784995675086975e-01
    2.555164098739624e-01    -1.956891715526581e-01    -3.110812604427338e-01
   -1.143330037593842e-01    -1.550073772668839e-01    -2.468652874231339e-01
    2.973020374774933e-01     1.206144690513611e+00    -9.709333181381226e-01
    2.165351629257202e+00    -1.018458366394043e+00     4.426185190677643e-01
    7.366362214088440e-01     6.787795424461365e-01    -1.257714390754700e+00
    1.939473152160645e+00    -1.492694258689880e+00     4.883310198783875e-01
   -8.912069201469421e-01     7.145972549915314e-02    -7.801851034164429e-01
    7.144721746444702e-01     9.473273754119873e-01    -1.430488586425781e+00
    2.485882937908173e-01    -1.242491006851196e+00    -1.177048921585083e+00
    4.344939887523651e-01    -7.733415365219116e-01     7.631424069404602e-02
    5.226460695266724e-01    -1.337078690528870e+00     1.282320022583008e+00
   -6.500421762466431e-01    -2.261927366256714e+00    -1.419544816017151e+00
   -3.479624986648560e-01    -1.282047390937805e+00    -6.993964314460754e-01
   -1.589214444160461e+00    -1.691824197769165e+00     1.172811031341553e+00
    8.536174297332764e-01     1.209600329399109e+00    -1.466840207576752e-01
   -1.580519527196884e-01    -5.529313683509827e-01     3.977338671684265e-01
   -6.379907727241516e-01    -9.301055073738098e-01     2.561214923858643e+00
   -3.321504592895508e-01    -4.217307567596436e-01     1.616920083761215e-01
   -6.905707716941833e-01    -2.653574228286743e+00     1.019976019859314e+00
    4.969477355480194e-01    -4.872707128524780e-01    -1.793948292732239e+00
    3.482787311077118e-01     6.193224787712097e-01     3.913819789886475e-01
    8.837503790855408e-01     1.290822625160217e+00     1.500563472509384e-01
   -3.077049553394318e-01    -9.267533570528030e-02    -3.313135504722595e-01
    4.716263115406036e-01    -5.664302781224251e-02    -2.725258111953735e+00
    4.226128160953522e-01     7.752147912979126e-01    -1.861415982246399e+00
    9.060996174812317e-01    -1.118114516139030e-01     3.342421054840088e-01
    8.604995608329773e-01     8.115832805633545e-01    -5.424129366874695e-01
    1.435410380363464e+00     1.692193299531937e-01     1.086260318756104e+00
   -1.990112848579884e-02     9.146318435668945e-01     4.569267332553864e-01
   -1.282750219106674e-01    -2.356400042772293e-01    -2.324770241975784e-01
    1.615012168884277e+00     1.407061696052551e+00     6.749596595764160e-01
    1.151615262031555e+00     3.146587610244751e-01     2.095535755157471e+00
    6.953617185354233e-02     1.397184610366821e+00    -1.458606958389282e+00
   -6.117517352104187e-01     1.948399305343628e+00     1.243712306022644e+00
   -1.048320889472961e+00     4.342846572399139e-01    -1.180186629295349e+00
   -1.740861058235168e+00    -1.322180867195129e+00     2.510920464992523e-01
   -4.920432269573212e-01     5.178418159484863e-01    -1.198069751262665e-01
    7.787213921546936e-01    -7.195891141891479e-01     1.801766641438007e-02
   -8.340706229209900e-01    -5.147846937179565e-01    -9.250608682632446e-01
   -7.395110130310059e-01     2.653894901275635e+00    -5.686978101730347e-01
    7.617636322975159e-01     1.815147876739502e+00    -1.440193533897400e+00
    3.253475725650787e-01     7.649724483489990e-01    -7.397078275680542e-01
    2.286738157272339e+00     8.881947398185730e-01     2.731925547122955e-01
   -8.283496499061584e-01    -2.221808910369873e+00     1.547846347093582e-01
    1.581838488578796e+00     3.529938459396362e-01     1.914921760559082e+00
   -2.594811283051968e-02    -1.404455661773682e+00     2.352519750595093e+00
    1.496273428201675e-01     1.751291453838348e-01    -4.772350788116455e-01
   -1.304239153862000e+00    -5.522803664207458e-01    -1.386788487434387e+00
   -4.186593890190125e-01     2.704909443855286e-01     2.377286195755005e+00
   -4.340103864669800e-01    -1.365802168846130e+00    -4.008393287658691e-01
   -9.527685046195984e-01     1.552931308746338e+00     3.241723477840424e-01
    4.576693475246429e-01     1.220487475395203e+00     2.663337886333466e-01
   -2.425639390945435e+00    -1.018600821495056e+00    -1.343810796737671e+00
    7.062426209449768e-01    -1.976362764835358e-01    -4.010223746299744e-01
    8.983855135738850e-03    -8.139839172363281e-01    -6.754922270774841e-01
   -2.103523492813110e+00     1.791100978851318e+00     2.153353206813335e-02
    1.725783228874207e+00     1.388282626867294e-01     7.275737524032593e-01
   -1.519797086715698e+00     5.248793363571167e-01     1.924989372491837e-01
   -7.213415503501892e-01    -1.108983635902405e+00     4.324308931827545e-01
   -3.533554375171661e-01    -1.201338246464729e-01    -1.677334785461426e+00
   -7.751544713973999e-01    -3.150083422660828e-01     6.995640993118286e-01
    1.528702378273010e-01     7.362191081047058e-01    -1.033125758171082e+00
   -6.073819398880005e-01     1.935381650924683e+00    -1.169856190681458e+00
    7.821973413228989e-02    -1.110382914543152e+00     8.848091363906860e-01
    3.459395468235016e-01     8.168295621871948e-01     1.067182898521423e+00
   -1.080989718437195e+00    -1.618078351020813e-01     9.345371723175049e-01
   -2.201780080795288e-01     1.094448447227478e+00     9.531460404396057e-01
   -2.004589319229126e+00     7.993447780609131e-01    -1.814686417579651e+00
    1.487677395343781e-01     9.565361142158508e-01    -5.157327651977539e-01
    3.263151943683624e-01    -5.093104839324951e-01    -4.723195433616638e-01
   -1.092271924018860e+00    -1.676328301429749e+00     1.442974805831909e+00
   -6.048430502414703e-02    -2.351941585540771e+00     1.746145963668823e+00
   -2.473629415035248e-01     9.173645377159119e-01     2.597311019897461e+00
   -9.873340837657452e-03     1.489469856023788e-01     4.140259921550751e-01
    4.048463702201843e-01    -3.166033029556274e-01    -9.746193885803223e-01
    8.271303176879883e-01    -1.173813104629517e+00     1.563520073890686e+00
    3.409064561128616e-02    -2.985214889049530e-01     6.286857128143311e-01
    5.628867149353027e-01    -8.520480394363403e-01    -8.779926896095276e-01
   -1.108544111251831e+00     6.564635038375854e-01     4.373128414154053e-01
    5.406356230378151e-02    -8.301858901977539e-01     8.068603277206421e-01
    1.025853872299194e+00    -2.975121736526489e-01    -2.322818517684937e+00
    1.761266231536865e+00    -2.609585225582123e-01     7.921104133129120e-02
    1.782128214836121e-01     3.044680655002594e-01     8.201887011528015e-01
    1.609020709991455e+00     2.143437147140503e+00    -4.697548449039459e-01
    3.043971955776215e-01     4.936333000659943e-01    -1.154640167951584e-01
    1.250779032707214e+00    -1.890885114669800e+00     1.396036624908447e+00
    1.071924567222595e+00    -1.741351127624512e+00     7.143883109092712e-01
    4.780742228031158e-01    -1.925631284713745e+00    -1.093850612640381e+00
    9.498883038759232e-02    -6.545675396919250e-01    -1.479260087013245e+00
    2.522925376892090e+00     3.048421740531921e-01     9.925190806388855e-01
    2.383376121520996e+00    -1.172446250915527e+00    -7.027402520179749e-01
    4.911431670188904e-01     6.356208324432373e-01    -1.774214655160904e-01
   -2.271628230810165e-01     1.851058006286621e+00     1.043807744979858e+00
   -4.977416396141052e-01    -1.864449977874756e+00     1.683097004890442e+00
    7.358841896057129e-01     1.239526391029358e+00    -1.596382975578308e+00
   -1.158740282058716e+00     5.545476078987122e-01     1.182266026735306e-01
    1.132444262504578e+00    -1.116557955741882e+00     1.261160016059875e+00
   -2.852674245834351e+00     4.334980547428131e-01     1.911596357822418e-01
   -1.126410961151123e+00     2.396924018859863e+00     5.685492753982544e-01
    1.405992507934570e+00     8.982776403427124e-01     1.064754128456116e+00
    2.711310982704163e-01    -3.690432906150818e-01    -9.668481349945068e-02
   -1.097334384918213e+00    -1.069587349891663e+00     4.079390168190002e-01
    6.085622906684875e-01    -1.477841377258301e+00     3.277170285582542e-02
    4.087236523628235e-01    -9.187203049659729e-01     3.272198513150215e-02
    1.027356863021851e+00    -2.551000714302063e-01     1.625346392393112e-01
   -1.230459094047546e+00    -3.864498138427734e-01     2.008038610219955e-01
    6.061618328094482e-01    -1.066785931587219e+00     7.610473036766052e-01
    2.463624000549316e+00     5.327047705650330e-01     1.237326264381409e+00
    1.867223143577576e+00     4.989255219697952e-02     4.543059766292572e-01
    1.019450426101685e+00    -2.580599308013916e+00    -3.419660627841949e-01
   -1.282395362854004e+00    -8.808667063713074e-01    -7.348366975784302e-01
   -5.874146223068237e-01     1.092780567705631e-02    -8.800177574157715e-01
   -5.485426783561707e-01     4.660315215587616e-01     6.262221932411194e-01
   -1.051377356052399e-01     1.786225795745850e+00    -4.081947728991508e-02
   -2.225510403513908e-02     6.990133970975876e-02    -1.401640534400940e+00
   -7.239814400672913e-01     8.650831580162048e-01     6.159436106681824e-01
    2.087610244750977e+00    -3.924562409520149e-02     7.384258508682251e-01
    3.364770114421844e-01    -1.299659609794617e+00    -5.805508494377136e-01
   -4.055193662643433e-01    -2.705360949039459e-01    -4.797737672924995e-02
    1.000385403633118e+00    -1.140426516532898e+00    -1.654420614242554e+00
   -3.887318670749664e-01     6.834983825683594e-01     1.493508338928223e+00
    9.046822786331177e-01     8.597158789634705e-01    -2.321005582809448e+00
   -1.368280053138733e+00    -9.316140413284302e-01    -1.729808896780014e-01
    3.259066641330719e-01    -7.495716810226440e-01    -4.198737144470215e-01
   -1.006774544715881e+00    -1.401334255933762e-01    -8.436011075973511e-01
    1.095352411270142e+00     2.308806896209717e+00     8.268073797225952e-01
    2.528438806533813e+00    -1.736333221197128e-01    -1.060218811035156e+00
    2.529073655605316e-01    -6.292311549186707e-01     4.356009066104889e-01
    1.707347780466080e-01     2.167132139205933e+00     1.778794266283512e-02
    1.712860614061356e-01     1.461351156234741e+00     1.240098118782043e+00
    7.092903852462769e-01     1.010199666023254e+00     7.098171114921570e-01
    1.236203908920288e+00    -9.128260016441345e-01     5.139160752296448e-01
   -7.382161021232605e-01    -8.400829136371613e-02     1.439687609672546e+00
   -5.297475457191467e-01    -4.466764330863953e-01     1.685042262077332e+00
   -5.000187158584595e-01     1.589039921760559e+00    -1.100568890571594e+00
   -2.274470567703247e+00    -3.825250267982483e-01    -1.301680445671082e+00
    1.352965354919434e+00    -1.640208840370178e+00    -4.502494633197784e-01
    1.551128506660461e+00    -1.974106580018997e-01     1.375981569290161e+00
   -4.949641823768616e-01    -2.049628496170044e+00     2.062178611755371e+00
   -6.715990304946899e-01    -5.975983142852783e-01    -1.089632987976074e+00
    5.519253015518188e-01     5.910335779190063e-01     1.854534864425659e+00
    2.381270825862885e-01    -2.290031462907791e-01     9.073789715766907e-01
   -9.434272050857544e-01    -6.960635632276535e-02    -5.934289693832397e-01
    1.175132632255554e+00    -6.984813809394836e-01    -1.783124089241028e+00
   -6.619417667388916e-01     1.621879935264587e-01    -5.139665007591248e-01
    8.137137442827225e-02    -1.082621961832047e-01    -1.981463074684143e+00
   -3.858530819416046e-01     1.081237792968750e+00    -5.998733639717102e-01
    1.291537731885910e-01    -2.096331119537354e-01     1.244198083877563e+00
   -4.790110588073730e-01    -3.300234377384186e-01    -8.327347040176392e-01
    1.176608204841614e+00    -2.672431170940399e-01    -1.661175131797791e+00
   -7.507488727569580e-01     5.747795104980469e-03    -5.906518101692200e-01
    2.001089751720428e-01    -6.571564078330994e-01    -8.190049529075623e-01
   -1.937437206506729e-01     1.371530722826719e-02    -7.686904668807983e-01
   -2.241063266992569e-01     4.301571249961853e-01    -3.305765390396118e-01
   -1.081569075584412e+00    -2.119429826736450e+00     1.637671887874603e-01
