    1.566900730133057e+00    -8.844751715660095e-01    -4.453164935112000e-01    -1.392735242843628e-01
    1.451617717742920e+00     9.318776130676270e-01    -6.280800327658653e-03     3.627184033393860e-01
    2.125104188919067e+00    -2.033459544181824e-01     7.964532375335693e-01     5.694845914840698e-01
    2.882916927337646e+00    -3.847876191139221e-01     1.496181041002274e-01     9.107980132102966e-01
    2.299761772155762e+00    -3.919712305068970e-01    -7.362325191497803e-01    -5.516523122787476e-01
    1.422378778457642e+00     4.027861058712006e-01    -7.273146510124207e-01     5.556768774986267e-01
    1.635636925697327e+00     7.313485145568848e-01     6.203163266181946e-01    -2.834376692771912e-01
    9.931584596633911e-01    -9.236704558134079e-02    -5.794199109077454e-01    -8.097783327102661e-01
    2.990170717239380e+00    -2.121836841106415e-01    -9.289413094520569e-01     3.033909201622009e-01
    1.070218324661255e+00     5.686681866645813e-01     4.697462916374207e-01    -6.752445101737976e-01
    2.465754985809326e+00    -9.111557006835938e-01     1.599016338586807e-01     3.797718882560730e-01
    1.125662088394165e+00     4.790331423282623e-01     8.729463219642639e-01    -9.215122461318970e-02
    2.718497991561890e+00    -3.109614551067352e-01     2.259321212768555e-01    -9.231780171394348e-01
    2.870461702346802e+00     2.110578864812851e-01     5.785520374774933e-02    -9.757599830627441e-01
    2.503105878829956e+00    -6.647438406944275e-01     3.725200891494751e-01    -6.475681066513062e-01
    1.580427885055542e+00    -6.008416414260864e-01    -2.669451534748077e-01    -7.534785270690918e-01
    5.719323754310608e-01     7.452810555696487e-02     7.744298577308655e-01     6.282547116279602e-01
    1.391849875450134e+00    -1.482152044773102e-01     5.334247946739197e-01    -8.327606320381165e-01
    2.668496370315552e+00     7.895347476005554e-02    -2.603207528591156e-01     9.622887372970581e-01
    2.662555456161499e+00    -4.293300583958626e-02     5.833787322044373e-01    -8.110647797584534e-01
    1.460681796073914e+00     6.332973241806030e-01     7.698481082916260e-01     7.917285710573196e-02
    1.282135844230652e+00     7.258492112159729e-01    -1.600887775421143e-01     6.689652204513550e-01
    2.097261190414429e+00     3.036252595484257e-02     5.939544439315796e-01    -8.039256334304810e-01
    1.878489613533020e+00    -2.756995558738708e-01     9.152415394783020e-01    -2.938071191310883e-01
    5.216534137725830e-01    -7.117382884025574e-01    -2.976287007331848e-01    -6.362748146057129e-01
    2.743714094161987e+00     2.612723596394062e-02    -9.799181222915649e-01    -1.976817697286606e-01
    2.253909587860107e+00     4.104053974151611e-01    -8.618984222412109e-01    -2.978228032588959e-01
    6.942571997642517e-01     9.011933207511902e-01     2.293229550123215e-01    -3.677791953086853e-01
    2.895057439804077e+00     4.957186281681061e-01    -7.986913919448853e-01    -3.411084711551666e-01
    1.882052779197693e+00    -7.386295795440674e-01     5.009404420852661e-01     4.510931074619293e-01
    1.378155708312988e+00    -3.457739949226379e-02     5.124701932072639e-02     9.980872273445129e-01
    5.399235486984253e-01    -1.785808205604553e-01     1.575910449028015e-01     9.712229967117310e-01
    1.870483756065369e+00    -7.730799913406372e-01    -3.255167007446289e-01     5.444137454032898e-01
    1.479468345642090e+00    -2.831175327301025e-01     4.613873958587646e-01    -8.408129215240479e-01
    2.468876838684082e+00    -8.029353618621826e-01    -1.329614780843258e-03     5.960645079612732e-01
    2.127403497695923e+00     5.342916250228882e-01    -5.455856323242188e-01     6.456539034843445e-01
    1.756359338760376e+00     3.507872819900513e-01     6.295282840728760e-01    -6.932838559150696e-01
    2.439523220062256e+00    -4.762121140956879e-01     7.737429738044739e-01    -4.177842438220978e-01
    2.364150524139404e+00     8.867668509483337e-01     2.506528794765472e-01    -3.883525431156158e-01
    1.285237193107605e+00     2.786516584455967e-02    -5.044007301330566e-01    -8.630199432373047e-01
    1.582064509391785e+00    -7.125599384307861e-01    -3.393325805664062e-01     6.140944957733154e-01
    2.678735733032227e+00    -5.138866305351257e-01     1.440330296754837e-01     8.456801772117615e-01
    2.143440723419189e+00    -7.077897191047668e-01    -6.018149852752686e-01     3.699355721473694e-01
    2.040454387664795e+00    -3.260072469711304e-01    -8.602209091186523e-01     3.920961916446686e-01
    2.279874086380005e+00     7.044570054858923e-03    -3.383666872978210e-01     9.409880638122559e-01
    1.897820830345154e+00    -6.429240107536316e-01     6.363083720207214e-01    -4.263337552547455e-01
    1.431402325630188e+00    -6.081534028053284e-01    -5.574940443038940e-01     5.651106834411621e-01
    7.098224759101868e-01     2.728796005249023e-01     6.687881350517273e-01    -6.915630102157593e-01
    6.284649372100830e-01    -3.161726891994476e-01     5.761525034904480e-01    -7.537128329277039e-01
    2.286918401718140e+00    -6.740117669105530e-01    -4.091765880584717e-01    -6.150467991828918e-01
    1.675294876098633e+00    -2.794384360313416e-01    -3.957155048847198e-01     8.748276829719543e-01
    2.714386224746704e+00    -4.283289015293121e-01     8.792028427124023e-01     2.086547613143921e-01
    2.370148420333862e+00     2.010090500116348e-01     9.040907025337219e-01     3.771145343780518e-01
    2.996970176696777e+00    -1.078414358198643e-02    -5.229605436325073e-01    -8.522887229919434e-01
    6.978111863136292e-01    -8.227375149726868e-01     3.191071450710297e-01     4.703972935676575e-01
    2.268497467041016e+00    -1.415259093046188e-01    -4.250114560127258e-01     8.940557241439819e-01
    4.186719655990601e-01    -1.517604589462280e-01     3.040173947811127e-01     9.405009746551514e-01
    1.348129153251648e+00     6.188126206398010e-01    -6.618531346321106e-01     4.231092333793640e-01
    2.208389997482300e+00    -2.453468553721905e-02     2.271773219108582e-01    -9.735442996025085e-01
    2.556381464004517e+00     2.092935442924500e-01     8.891308307647705e-01     4.069921970367432e-01
    1.426570296287537e+00    -5.356851220130920e-01     8.160443305969238e-01     2.170559167861938e-01
    7.428324818611145e-01     5.324184894561768e-01     8.463494181632996e-01     1.495088916271925e-02
    2.311990976333618e+00    -7.494757771492004e-01    -3.358784019947052e-01     5.705013275146484e-01
    1.606444716453552e+00     7.292793691158295e-02     7.758050560951233e-01    -6.267440319061279e-01
    2.498278141021729e+00     1.897022128105164e-01    -8.260554820299149e-02     9.783605337142944e-01
    2.762738227844238e+00     5.371689423918724e-02    -6.591370701789856e-01    -7.501018047332764e-01
    2.841303825378418e+00    -6.467078924179077e-01    -4.398153424263000e-01    -6.231625080108643e-01
    3.682244420051575e-01    -1.075258180499077e-01    -5.008228421211243e-01     8.588448762893677e-01
    1.006235480308533e+00     9.221698641777039e-01    -1.701476052403450e-02     3.864104747772217e-01
    2.369651556015015e+00     6.486007571220398e-01     5.778865814208984e-01     4.953424036502838e-01
    1.564623594284058e+00    -5.299436300992966e-02     2.072145640850067e-01    -9.768591523170471e-01
    2.427382469177246e+00    -7.326192855834961e-01     6.779989004135132e-01    -5.988708510994911e-02
    2.211756467819214e+00    -5.912072062492371e-01     1.689363457262516e-02     8.063428997993469e-01
    1.568518280982971e+00    -3.326662629842758e-02     9.006989598274231e-01    -4.331681132316589e-01
    5.440157055854797e-01    -6.733561754226685e-01     5.625392794609070e-01    -4.797302484512329e-01
    7.770202755928040e-01     8.207060098648071e-01    -2.683600783348083e-01    -5.044050812721252e-01
    2.903193950653076e+00     7.625282406806946e-01    -4.759488254785538e-02     6.452019214630127e-01
    2.732550621032715e+00     2.828619182109833e-01    -8.472586870193481e-01     4.496018588542938e-01
    6.132938265800476e-01     4.190271496772766e-01    -1.612578183412552e-01     8.935390710830688e-01
    1.424594283103943e+00     6.818674206733704e-01    -3.148415386676788e-01    -6.602513194084167e-01
    2.658307313919067e+00     2.473384141921997e-01     8.968526721000671e-01     3.667136132717133e-01
    1.351315259933472e+00    -5.420143008232117e-01     1.714478246867657e-02     8.401944041252136e-01
    1.317462563514709e+00     1.318835765123367e-01     3.894262015819550e-01     9.115667939186096e-01
    1.184091091156006e+00    -7.221280336380005e-01    -1.013503670692444e-01    -6.842947602272034e-01
    1.587360262870789e+00    -4.693380594253540e-01     4.901330471038818e-01    -7.345008254051208e-01
    2.020762443542480e+00     3.018094599246979e-01    -7.600035667419434e-01     5.755915045738220e-01
    2.833897590637207e+00    -1.814788132905960e-01     9.804962277412415e-01     7.545017451047897e-02
    2.151958703994751e+00     4.459557533264160e-01     7.759079933166504e-01    -4.461953043937683e-01
    1.806304216384888e+00    -1.324394438415766e-02     4.734734073281288e-02     9.987906217575073e-01
    5.612538456916809e-01     5.714414119720459e-01    -1.367409229278564e-01    -8.091703057289124e-01
    1.059574842453003e+00     3.101478517055511e-01    -8.646208047866821e-02     9.467484354972839e-01
    9.308255314826965e-01    -3.065941110253334e-02    -1.554355025291443e-01     9.873701333999634e-01
    1.545228362083435e+00    -2.506495714187622e-01    -3.064323961734772e-01    -9.182994961738586e-01
    2.951866865158081e+00     9.678008407354355e-02    -7.628773450851440e-01    -6.392588615417480e-01
    2.450289011001587e+00    -1.827956885099411e-01    -9.746269583702087e-01     1.291822195053101e-01
    1.722440958023071e+00    -6.817566156387329e-01    -6.574261784553528e-01    -3.209344148635864e-01
    2.799658298492432e+00    -9.855231046676636e-01    -1.837342418730259e-02    -1.685427725315094e-01
    1.090965509414673e+00    -3.016200959682465e-01     5.550049543380737e-01    -7.752386927604675e-01
    1.172818422317505e+00     1.452376693487167e-01     1.124799698591232e-01     9.829823374748230e-01
    2.876472473144531e+00    -3.809022605419159e-01    -8.864416480064392e-01    -2.629349529743195e-01
    1.895488977432251e+00     1.788998208940029e-02    -3.567833006381989e-01    -9.340158104896545e-01
    1.800567984580994e+00    -1.564682722091675e-01     8.281027674674988e-01     5.382968187332153e-01
    8.326906561851501e-01    -5.152604579925537e-01    -4.522945284843445e-01    -7.279672622680664e-01
    2.559128046035767e+00     9.938153028488159e-01    -1.089616343379021e-01    -2.140884101390839e-02
    2.203412294387817e+00    -4.717435538768768e-01    -2.785868048667908e-01     8.365689516067505e-01
    1.407323956489563e+00     2.753575444221497e-01     5.699448585510254e-01     7.741712927818298e-01
    1.638949871063232e+00     5.154472589492798e-01     8.221276998519897e-01    -2.417025715112686e-01
    2.596707582473755e+00    -4.429770708084106e-01     6.349041461944580e-01    -6.329835057258606e-01
    1.884559631347656e+00     7.792706489562988e-01    -6.085960268974304e-01     1.494923681020737e-01
    2.692785739898682e+00    -1.426008194684982e-01     9.865595698356628e-01     7.978235930204391e-02
    1.859940528869629e+00    -2.554110288619995e-01    -6.505504250526428e-01    -7.152267694473267e-01
    4.844869673252106e-01    -6.723688840866089e-01    -5.329717993736267e-01     5.136742591857910e-01
    5.309059023857117e-01     1.002114787697792e-01     1.139382123947144e-01    -9.884208440780640e-01
    1.278934121131897e+00    -7.415273189544678e-01     3.059096336364746e-01    -5.971236228942871e-01
    4.341427683830261e-01    -6.068467497825623e-01    -5.087361335754395e-01    -6.106755137443542e-01
    6.671154499053955e-01    -7.062523066997528e-02     9.415792226791382e-01    -3.293033242225647e-01
    9.719403386116028e-01     2.610436081886292e-01    -3.091281354427338e-01    -9.144922494888306e-01
    2.291399002075195e+00     7.441740036010742e-01    -6.561479568481445e-01    -1.251993775367737e-01
    2.639627695083618e+00    -6.628115773200989e-01     3.826286792755127e-01     6.436427235603333e-01
    3.674284517765045e-01     8.454186469316483e-02     3.031333349645138e-02     9.959587454795837e-01
    1.534335136413574e+00    -4.312903061509132e-02     9.084241390228271e-01    -4.158191084861755e-01
    2.698606967926025e+00    -9.982753396034241e-01     4.786302894353867e-02    -3.399114683270454e-02
    1.142222881317139e+00    -5.956842303276062e-01    -1.053313463926315e-01    -7.962822914123535e-01
    2.310025453567505e+00    -6.168481111526489e-01    -7.744662761688232e-01    -1.403581649065018e-01
    1.161163926124573e+00    -9.942048192024231e-01     2.236878313124180e-02    -1.051499396562576e-01
    9.618380665779114e-01    -7.050660252571106e-01     2.688097059726715e-01     6.562188863754272e-01
    1.043790698051453e+00     6.905364394187927e-01     6.772495508193970e-01     2.539538145065308e-01
    2.834756612777710e+00     8.004918098449707e-01    -1.465298086404800e-01     5.811556577682495e-01
    5.940871834754944e-01     3.560216352343559e-02    -1.706438958644867e-01     9.846893548965454e-01
    2.418083906173706e+00    -2.892006635665894e-01     6.649717688560486e-01     6.886041164398193e-01
    1.447750926017761e+00     2.801443934440613e-01    -9.267767667770386e-01     2.502080798149109e-01
    3.481535911560059e-01     8.526552468538284e-02     9.605934619903564e-01     2.645562291145325e-01
    8.259059786796570e-01    -8.327739238739014e-01    -5.356634259223938e-01    -1.398295313119888e-01
    1.009573459625244e+00     2.347626835107803e-01     9.584377408027649e-01    -1.621221452951431e-01
    2.920719146728516e+00     1.676072925329208e-01    -9.557412266731262e-01    -2.417986690998077e-01
    1.754462361335754e+00    -1.628221571445465e-01    -1.100820899009705e-01     9.804953336715698e-01
    1.659011960029602e+00    -9.699192829430103e-03    -4.842715561389923e-01    -8.748639225959778e-01
    1.664827942848206e+00     1.409397572278976e-01     2.000788748264313e-01     9.695898294448853e-01
    2.065903186798096e+00    -6.060717701911926e-01    -6.530722379684448e-01    -4.540635347366333e-01
    1.700863242149353e+00    -6.733096837997437e-01     5.620153546333313e-01     4.804092049598694e-01
    2.719493865966797e+00    -1.160745173692703e-01    -9.876505136489868e-01    -1.052292212843895e-01
    1.027619242668152e+00     9.426137059926987e-02     9.936546087265015e-01     6.136169657111168e-02
    2.341398954391479e+00     7.270274162292480e-01     5.400312542915344e-01     4.240254163742065e-01
    1.868027329444885e+00     8.049939870834351e-01     5.702776908874512e-01     1.636102199554443e-01
    2.224007606506348e+00    -8.615938574075699e-02     3.595480918884277e-01    -9.291403889656067e-01
    2.214617013931274e+00     2.325973846018314e-02     7.656536102294922e-01     6.428325176239014e-01
    1.197819948196411e+00    -5.594819188117981e-01    -3.415749669075012e-01    -7.551864385604858e-01
    8.458569049835205e-01    -5.446636080741882e-01    -8.231911659240723e-01     1.603058725595474e-01
    1.914538145065308e+00     3.759174346923828e-01    -7.268551588058472e-01    -5.747762322425842e-01
    1.390897154808044e+00    -8.106395602226257e-01     5.653595924377441e-01     1.524205207824707e-01
    1.942012548446655e+00    -5.460181236267090e-01    -7.322973012924194e-01    -4.069456756114960e-01
    2.629699230194092e+00     7.730830311775208e-01    -5.818247795104980e-01    -2.526311874389648e-01
    1.666383028030396e+00     4.718678891658783e-01    -8.143002390861511e-01    -3.380173146724701e-01
    2.149898290634155e+00    -9.374583512544632e-02    -2.559781372547150e-01     9.621262550354004e-01
    2.453980207443237e+00     1.131638064980507e-01    -7.695091366767883e-01     6.285297870635986e-01
    2.876860141754150e+00    -9.833356738090515e-02     5.711373090744019e-01     8.149433732032776e-01
    3.866507709026337e-01    -7.775822877883911e-01    -6.056783795356750e-01     1.688771396875381e-01
    2.556442022323608e+00     5.644016861915588e-01    -7.792829275131226e-01     2.723398506641388e-01
    1.217736244201660e+00    -2.989911735057831e-01    -8.158107995986938e-01    -4.950324594974518e-01
    4.774404466152191e-01     4.929995238780975e-01    -3.026443719863892e-02     8.695029020309448e-01
    1.337422728538513e+00     7.708386182785034e-01    -4.132229983806610e-01     4.848243296146393e-01
    1.332305312156677e+00    -3.357787132263184e-01     5.753080248832703e-01     7.458373308181763e-01
    2.377918481826782e+00     7.273252606391907e-01     5.623522996902466e-01    -3.933928608894348e-01
    1.246609091758728e+00     7.742235660552979e-01     4.052874445915222e-01    -4.861274957656860e-01
    2.849143028259277e+00    -9.646701216697693e-01    -2.587181925773621e-01    -4.976543411612511e-02
    8.814927935600281e-01     9.711084961891174e-01     1.798889040946960e-01    -1.568060070276260e-01
    2.913048744201660e+00     2.952780574560165e-02    -8.795976638793945e-01     4.748011827468872e-01
    2.584622144699097e+00    -4.111784100532532e-01     3.892207751050591e-03    -9.115465879440308e-01
    2.793054819107056e+00    -1.552452743053436e-01    -3.147912621498108e-01     9.363788366317749e-01
    1.652797818183899e+00     4.315595924854279e-01     9.019087553024292e-01     1.780225150287151e-02
    6.457473039627075e-01    -7.054092884063721e-01     5.646450519561768e-01    -4.284549653530121e-01
    1.707022666931152e+00    -9.997935891151428e-01    -1.852717250585556e-02    -8.344733156263828e-03
    1.705570578575134e+00     8.851426243782043e-01    -7.140412181615829e-02     4.598088264465332e-01
    9.716532230377197e-01    -2.150498032569885e-01     3.876628279685974e-01    -8.963654041290283e-01
    1.479954957962036e+00    -2.408137172460556e-01    -8.889363408088684e-01    -3.896162211894989e-01
    2.021753311157227e+00     5.134904384613037e-01    -3.454594612121582e-01     7.854842543601990e-01
    1.730144739151001e+00    -3.352484107017517e-01     2.740487158298492e-01     9.013910293579102e-01
    5.103353857994080e-01     3.792702555656433e-01    -8.549868464469910e-01     3.537679910659790e-01
    2.292856454849243e+00    -9.197953343391418e-01     2.547455728054047e-01    -2.984650135040283e-01
    1.077124238014221e+00    -1.827932745218277e-01     5.301772356033325e-01    -8.279485702514648e-01
    5.654951930046082e-01     6.980401873588562e-01     7.147741913795471e-01    -4.286895319819450e-02
    1.775969743728638e+00     1.240255013108253e-01    -7.601606249809265e-01    -6.377879381179810e-01
    4.465607106685638e-01    -5.429502725601196e-01    -8.394083380699158e-01    -2.446942962706089e-02
    5.463815927505493e-01     5.956902503967285e-01    -7.989529520273209e-02    -7.992308735847473e-01
    2.015969514846802e+00    -3.007850050926208e-01    -4.324519932270050e-01     8.500078916549683e-01
    1.679466366767883e+00    -9.696867465972900e-01     1.382115334272385e-01     2.015073895454407e-01
    1.131131887435913e+00    -3.985137939453125e-01    -4.772043228149414e-01     7.832386493682861e-01
    1.489629507064819e+00    -1.680363714694977e-01     1.142128109931946e-01     9.791421294212341e-01
    2.983063459396362e+00     3.371112346649170e-01     9.302184581756592e-01    -1.450854241847992e-01
    2.284108400344849e+00    -3.624106049537659e-01    -3.757571280002594e-01    -8.529155850410461e-01
    1.203567266464233e+00    -2.548790872097015e-01     6.575983762741089e-01    -7.089436054229736e-01
    2.893926620483398e+00    -2.644096612930298e-01     9.515793919563293e-01    -1.567938029766083e-01
    1.037845611572266e+00     6.144640445709229e-01    -1.903218328952789e-01    -7.656446099281311e-01
    2.881098985671997e+00     1.550557613372803e-01    -1.334007480181754e-03    -9.879047870635986e-01
    7.717475295066833e-01    -6.771560907363892e-01    -6.973406076431274e-01    -2.348953932523727e-01
    2.392378807067871e+00     2.916913032531738e-01    -6.523569822311401e-01     6.995329856872559e-01
    2.128293752670288e+00     2.283214181661606e-01    -4.755090773105621e-01    -8.495647311210632e-01
    1.472753882408142e+00     2.015317082405090e-01     4.755852222442627e-01    -8.562731146812439e-01
    1.043215632438660e+00     1.997710205614567e-02     1.603313684463501e-01    -9.868609905242920e-01
    5.927842259407043e-01     2.008656561374664e-01     9.391590356826782e-01     2.786274850368500e-01
    2.734389781951904e+00     5.312495231628418e-01     3.264437019824982e-01     7.817982435226440e-01
    2.991287708282471e+00     5.985057950019836e-01     7.500531077384949e-01    -2.814447581768036e-01
    2.924044370651245e+00     5.095818638801575e-01    -3.456959128379822e-02     8.597272634506226e-01
    1.609845161437988e+00     7.979983687400818e-01     5.655558109283447e-01     2.081956267356873e-01
    1.399061203002930e+00     6.978363990783691e-01     4.113619625568390e-01     5.863494277000427e-01
    2.834728956222534e+00     8.714203834533691e-01     4.899849891662598e-01    -2.326340228319168e-02
    2.840507745742798e+00    -1.916000097990036e-01    -7.669638991355896e-01    -6.124181151390076e-01
    2.007121086120605e+00    -7.406824827194214e-02     2.484291940927505e-01    -9.658141136169434e-01
    1.145250678062439e+00     4.818447530269623e-01    -8.634855747222900e-01    -1.490582376718521e-01
    1.365129947662354e+00    -6.798166632652283e-01    -4.481234848499298e-01    -5.805469155311584e-01
    1.694927453994751e+00     3.262328207492828e-01    -7.108298540115356e-01     6.231318116188049e-01
    8.011365532875061e-01     1.183857768774033e-01    -1.727279722690582e-01     9.778292179107666e-01
    1.978626132011414e+00     7.516191005706787e-01    -8.081448078155518e-02    -6.546280384063721e-01
    2.020919799804688e+00     7.516333460807800e-01     3.953842818737030e-01    -5.279378890991211e-01
    1.983043193817139e+00     1.995509862899780e-01     9.774920940399170e-01     6.847324967384338e-02
    1.277516007423401e+00    -1.917515695095062e-02     6.034609079360962e-01    -7.971620559692383e-01
    1.091616272926331e+00    -2.614426612854004e-01    -9.229149222373962e-01     2.826236486434937e-01
    2.907598733901978e+00     8.979666829109192e-01     4.356490969657898e-01    -6.217577680945396e-02
    2.088315963745117e+00     1.942289471626282e-01     9.778068065643311e-01    -7.854192703962326e-02
    2.311718702316284e+00     4.053142666816711e-01     4.329268634319305e-01    -8.051674962043762e-01
    1.906896352767944e+00     9.504802227020264e-01     3.089327216148376e-01    -3.388168290257454e-02
    2.102208375930786e+00     4.455463588237762e-01    -4.334599673748016e-01    -7.833268642425537e-01
    1.680803060531616e+00    -4.235193729400635e-01    -2.753438353538513e-01    -8.630278110504150e-01
    2.320294141769409e+00     9.049767851829529e-01     2.654886841773987e-01     3.324645161628723e-01
    7.606958746910095e-01     8.074591159820557e-01    -1.432219296693802e-01     5.722738504409790e-01
    2.273563385009766e+00    -3.582724928855896e-01     8.910006880760193e-01     2.788521051406860e-01
    2.064748048782349e+00    -6.805367469787598e-01     6.950543522834778e-01     2.318819165229797e-01
    2.727313756942749e+00    -3.257056176662445e-01    -6.653344035148621e-01    -6.717485189437866e-01
    2.147013664245605e+00    -5.521243810653687e-01     7.346293330192566e-01     3.943076431751251e-01
    2.804466009140015e+00    -3.922904431819916e-01     3.940192461013794e-01     8.311781287193298e-01
    2.528893709182739e+00     4.246008992195129e-01    -8.947597742080688e-01     1.382713168859482e-01
    1.200946092605591e+00     6.146426200866699e-01     7.858841419219971e-01    -6.782693415880203e-02
    2.285778999328613e+00     5.606945157051086e-01    -4.970879554748535e-01     6.622124314308167e-01
    2.801851272583008e+00    -7.170590758323669e-01    -6.707280278205872e-01     1.896056085824966e-01
    1.774294734001160e+00    -5.819943547248840e-01     7.154439091682434e-01     3.865525424480438e-01
    1.440951228141785e+00     9.918075203895569e-01    -7.562338560819626e-02    -1.029520779848099e-01
    1.249762773513794e+00    -8.080270886421204e-01    -5.805348157882690e-01    -1.003563329577446e-01
    1.033351898193359e+00    -8.373360633850098e-01    -3.274645805358887e-01    -4.377618730068207e-01
    7.344682812690735e-01    -8.879086375236511e-02    -1.792548000812531e-01     9.797878265380859e-01
    2.671521902084351e+00     6.417787075042725e-01    -7.217916250228882e-01     2.591075897216797e-01
    2.391452550888062e+00     7.336996197700500e-01     8.168291300535202e-02    -6.745464801788330e-01
    2.285515546798706e+00    -6.351546049118042e-01    -1.565351039171219e-01    -7.563567757606506e-01
    1.578313589096069e+00     1.943977326154709e-01    -7.066618204116821e-01    -6.803224682807922e-01
    6.715984940528870e-01     8.372134715318680e-02    -8.089367151260376e-01     5.819038152694702e-01
    2.625286102294922e+00    -1.235496848821640e-01    -8.878304958343506e-01    -4.432747662067413e-01
    2.092227935791016e+00     7.910838723182678e-02    -9.570943713188171e-01     2.787690162658691e-01
    2.821462631225586e+00    -5.709436535835266e-01    -5.955748558044434e-01    -5.650788545608521e-01
    7.138307094573975e-01    -6.725508570671082e-01    -3.867453634738922e-01    -6.309543251991272e-01
    9.966672658920288e-01    -4.615305364131927e-01     1.002903431653976e-01     8.814371824264526e-01
    4.476096928119659e-01     5.708464384078979e-01    -4.371870756149292e-01    -6.949833035469055e-01
    3.131162822246552e-01    -3.651455044746399e-01    -4.950473308563232e-01    -7.884140610694885e-01
    1.576669096946716e+00     1.885633766651154e-01     7.649954557418823e-01    -6.158130168914795e-01
    2.433498620986938e+00     8.898100852966309e-01    -4.185160994529724e-01     1.818856596946716e-01
    1.607861995697021e+00     4.581464231014252e-01     4.221628010272980e-01    -7.822278141975403e-01
    2.495628356933594e+00     7.771482467651367e-01    -5.981236100196838e-01     1.956745684146881e-01
    1.186610698699951e+00    -7.510524988174438e-01     6.022170931100845e-02    -6.574903726577759e-01
    1.858547091484070e+00     3.844251036643982e-01     5.097139477729797e-01    -7.696810960769653e-01
    1.729457736015320e+00     1.437377035617828e-01    -7.184280753135681e-01    -6.805884242057800e-01
    8.903179168701172e-01     4.880211651325226e-01    -8.686128258705139e-01     8.571571856737137e-02
    1.924911260604858e+00     2.715169787406921e-01    -6.946183443069458e-01     6.661709547042847e-01
    2.748450040817261e+00    -2.365122735500336e-01    -8.229829072952271e-01    -5.164892077445984e-01
    1.501292228698730e+00    -2.317753285169601e-01    -8.539626002311707e-01    -4.658629596233368e-01
    2.600645542144775e+00    -6.110845804214478e-01    -6.505401134490967e-01     4.509691894054413e-01
    1.487720251083374e+00     5.737754702568054e-01     8.130562901496887e-01    -9.859650582075119e-02
    6.992179155349731e-01    -2.260410487651825e-01    -7.907854914665222e-01     5.688267946243286e-01
    2.798562288284302e+00    -2.279708981513977e-01    -3.323511779308319e-01     9.151895642280579e-01
    5.606470108032227e-01    -5.924413204193115e-01    -7.522215247154236e-01     2.884025275707245e-01
    2.925524711608887e+00    -2.360502332448959e-01    -9.070421457290649e-01     3.486472070217133e-01
    1.924224376678467e+00     2.582587301731110e-01    -2.532296776771545e-01    -9.322968125343323e-01
    8.111956119537354e-01     4.293400049209595e-01     7.634687423706055e-01     4.824754595756531e-01
    1.571545362472534e+00     5.623447895050049e-01     8.213715553283691e-01     9.548330307006836e-02
    4.615622758865356e-01    -6.666596531867981e-01    -2.007862031459808e-01    -7.178089618682861e-01
    2.766346216201782e+00     1.704870909452438e-01    -2.047575451433659e-02    -9.851471781730652e-01
    2.060201168060303e+00     2.051318138837814e-01     3.762811124324799e-01    -9.035117626190186e-01
    9.722325801849365e-01     9.319782257080078e-01    -1.150048375129700e-01     3.437882065773010e-01
    1.301283478736877e+00     6.612698435783386e-01     6.236791014671326e-01    -4.168291985988617e-01
    1.808037400245667e+00     7.939052581787109e-01     9.359282255172729e-02     6.007952690124512e-01
    1.022609233856201e+00    -1.946112699806690e-02     8.944098949432373e-01     4.468243718147278e-01
    3.550017774105072e-01    -3.613362908363342e-01    -6.637713313102722e-01    -6.548615694046021e-01
    2.245808839797974e+00     7.191227078437805e-01     6.265277862548828e-01     3.005419075489044e-01
    2.411741256713867e+00     4.775036573410034e-01     1.304695308208466e-01     8.688891530036926e-01
    2.021013259887695e+00     3.440658748149872e-02     6.913287639617920e-01    -7.217206358909607e-01
    2.391091823577881e+00    -2.558462023735046e-01     8.148576021194458e-01     5.201441049575806e-01
    1.637198925018311e+00    -6.403136849403381e-01     2.652607858181000e-01    -7.208572030067444e-01
    2.200410604476929e+00    -7.911528348922729e-01    -6.008791327476501e-01     1.141114532947540e-01
    7.243068218231201e-01    -6.793298125267029e-01     7.149481177330017e-01    -1.654091477394104e-01
    1.060443282127380e+00     7.343357205390930e-01    -6.785739064216614e-01     1.699069328606129e-02
    1.347744345664978e+00    -6.188641190528870e-01    -3.819601833820343e-01    -6.863771080970764e-01
    2.813085794448853e+00    -2.628825008869171e-01     9.434105753898621e-01    -2.021615654230118e-01
    2.439098834991455e+00     3.123135566711426e-01     7.441878914833069e-01    -5.904613137245178e-01
    1.112745046615601e+00     2.923828661441803e-01     6.874642372131348e-01    -6.647595167160034e-01
    2.468338489532471e+00     9.264280796051025e-01     3.598350584506989e-01     1.106787249445915e-01
    2.376248359680176e+00    -3.485955595970154e-01    -9.350070357322693e-01     6.513824313879013e-02
    2.508733272552490e+00     6.305327415466309e-01     1.407060027122498e-01     7.633022665977478e-01
    2.739984989166260e+00    -9.470165707170963e-03    -5.125778913497925e-01     8.585885763168335e-01
    5.299168229103088e-01     2.823600471019745e-01     3.304842114448547e-01    -9.005848765373230e-01
    1.982230067253113e+00    -6.579656004905701e-01    -2.786156833171844e-01    -6.996102333068848e-01
    2.428977251052856e+00    -1.723603606224060e-01     1.113600134849548e-01     9.787189960479736e-01
    1.488103628158569e+00    -2.916533350944519e-01    -9.178138971328735e-01    -2.693625092506409e-01
    1.850527167320251e+00    -5.148633122444153e-01     8.391832113265991e-01     1.751783788204193e-01
    1.330407619476318e+00     3.440068662166595e-01     9.173786044120789e-01     2.001896202564240e-01
    2.954166650772095e+00    -8.210909366607666e-01    -3.448013961315155e-01    -4.548865854740143e-01
    8.358574509620667e-01     8.449319005012512e-01    -2.364473491907120e-01    -4.797736406326294e-01
    1.057799696922302e+00     8.492964319884777e-03    -7.695066928863525e-01    -6.385823488235474e-01
    2.762845754623413e+00    -7.613611817359924e-01     6.482812166213989e-01     7.793968077749014e-03
    1.878021597862244e+00     9.189368486404419e-01     7.392261177301407e-02     3.874150216579437e-01
    1.619363307952881e+00    -9.385151863098145e-01     3.241269886493683e-01     1.188732236623764e-01
    1.391824245452881e+00    -5.182705521583557e-01    -7.967842221260071e-01     3.106935918331146e-01
    1.718354940414429e+00    -2.056358903646469e-01    -6.991211324930191e-02    -9.761282205581665e-01
    1.090634822845459e+00    -7.107369303703308e-01    -2.888302505016327e-01     6.414283514022827e-01
    1.277785778045654e+00     1.196368262171745e-01     5.761678814888000e-01    -8.085281252861023e-01
    2.341618776321411e+00    -2.593854963779449e-01     8.265144228935242e-01    -4.995929300785065e-01
    1.421954631805420e+00     5.500860139727592e-02    -7.808849215507507e-01     6.222484707832336e-01
    1.387718915939331e+00     2.492864727973938e-01     5.886130928993225e-01     7.690194845199585e-01
    1.438082218170166e+00    -7.516884207725525e-01    -1.125164031982422e-01     6.498495936393738e-01
    1.467918038368225e+00    -1.499933898448944e-01     7.455787062644958e-01     6.493182778358459e-01
    2.819648504257202e+00    -7.109358906745911e-01     2.834909260272980e-01    -6.435860395431519e-01
    1.096847057342529e+00     1.356321573257446e-01     8.720779418945312e-01    -4.701956808567047e-01
    7.674401998519897e-01     4.251995086669922e-01    -6.636484265327454e-01    -6.154479980468750e-01
    2.466842412948608e+00    -4.427813887596130e-01    -6.795441508293152e-01     5.849481225013733e-01
    2.929899930953979e+00    -2.064381167292595e-02    -8.027378320693970e-01     5.959746241569519e-01
    2.765640974044800e+00    -8.944144845008850e-02     3.317005038261414e-01     9.391353130340576e-01
    4.401138722896576e-01    -2.243360504508018e-02     3.384282886981964e-01     9.407247304916382e-01
    1.101826310157776e+00     3.674321174621582e-01    -2.873440980911255e-01    -8.845490217208862e-01
    2.122869968414307e+00     3.896283507347107e-01    -5.529369115829468e-01     7.365124225616455e-01
    6.967948079109192e-01     4.892494156956673e-02    -4.284209311008453e-01     9.022537469863892e-01
    1.346736192703247e+00     4.179635941982269e-01    -6.326763033866882e-01    -6.519411206245422e-01
    1.360535502433777e+00    -8.147851228713989e-01     4.825037717819214e-01     3.214269876480103e-01
    1.158945798873901e+00     4.664891213178635e-02    -7.163285017013550e-01     6.962019801139832e-01
    2.556633710861206e+00     4.012517929077148e-01    -1.163687109947205e-01    -9.085456728935242e-01
    1.782254934310913e+00     9.882234930992126e-01    -1.464204192161560e-01     4.444428160786629e-02
    8.928439021110535e-01     1.996013224124908e-01     3.410092890262604e-01     9.186249971389771e-01
    2.721018314361572e+00     5.913303494453430e-01     7.877334356307983e-01    -1.726393550634384e-01
    5.913234949111938e-01     5.147727131843567e-01     8.347939848899841e-01    -1.952636986970901e-01
    2.662482500076294e+00     4.697792530059814e-01    -7.101962566375732e-01     5.243364572525024e-01
    2.166028022766113e+00     4.948802888393402e-01    -8.039374947547913e-01     3.298149108886719e-01
    2.265638589859009e+00     2.110107988119125e-01    -8.499287366867065e-01    -4.828001260757446e-01
    1.620398759841919e+00     5.862065032124519e-02    -4.039545953273773e-01    -9.128987789154053e-01
    2.728218317031860e+00     9.247519969940186e-01     1.117367222905159e-01     3.637975156307220e-01
    2.747536420822144e+00     8.674593567848206e-01    -4.267263710498810e-01    -2.557710409164429e-01
    8.226261734962463e-01     5.970429778099060e-01     7.726727724075317e-01    -2.156769037246704e-01
    2.137183189392090e+00    -1.062907576560974e-01     8.661203980445862e-01     4.884034991264343e-01
    2.560612440109253e+00    -1.943838298320770e-01    -7.281265854835510e-01     6.573024988174438e-01
    2.150904417037964e+00     3.421277999877930e-01     5.762814879417419e-01    -7.421914935112000e-01
    1.290030956268311e+00    -8.982267379760742e-01     4.298715591430664e-01     9.164632856845856e-02
    2.029693603515625e+00     5.579385161399841e-01    -5.501115918159485e-01     6.213548779487610e-01
    2.891749382019043e+00    -9.864873886108398e-01     1.499085873365402e-01     6.610518693923950e-02
    2.708744287490845e+00    -4.158424735069275e-01     8.848838210105896e-01     2.098940312862396e-01
    1.979247093200684e+00     7.103673219680786e-01     4.538481533527374e-01     5.379591584205627e-01
    4.680309891700745e-01     5.793015956878662e-01    -7.885017991065979e-01    -2.065778076648712e-01
    1.585740804672241e+00    -6.920011043548584e-01    -6.745032668113708e-01     2.572545409202576e-01
    1.598573565483093e+00     3.806908130645752e-01    -9.244750738143921e-01     2.050059102475643e-02
    1.006067991256714e+00     4.062584936618805e-01    -9.131791591644287e-01     3.252462670207024e-02
    1.070960164070129e+00     9.592857956886292e-01    -2.381975352764130e-01     1.517653465270996e-01
    1.305256724357605e+00    -9.426950812339783e-01    -2.960718870162964e-01     1.538424193859100e-01
    1.443834185600281e+00     4.198278784751892e-01    -7.388562560081482e-01     5.271015763282776e-01
    2.807880401611328e+00     8.773963451385498e-01     1.897177547216415e-01     4.406620264053345e-01
    1.922343850135803e+00     9.713262915611267e-01     2.595402114093304e-02     2.363291978836060e-01
    2.795659780502319e+00     3.646546900272369e-01    -9.230734705924988e-01    -1.223203465342522e-01
    1.720595479011536e+00    -7.453206777572632e-01    -5.119545459747314e-01    -4.270827770233154e-01
    1.058114647865295e+00    -5.551521778106689e-01     1.032761950045824e-02    -8.316847085952759e-01
    9.540643095970154e-01    -5.749535560607910e-01     4.884697198867798e-01     6.563731431961060e-01
    1.789783120155334e+00    -5.874328315258026e-02     9.980124235153198e-01    -2.280694060027599e-02
    1.403558850288391e+00    -1.585619524121284e-02     4.980292916297913e-02    -9.986332654953003e-01
    1.285264372825623e+00    -5.632938146591187e-01     6.730780005455017e-01     4.792349636554718e-01
    2.214707612991333e+00     9.426121115684509e-01    -1.772045344114304e-02     3.334191143512726e-01
    1.462658762931824e+00     2.300447821617126e-01    -8.885596990585327e-01    -3.969147503376007e-01
    4.898342192173004e-01    -8.278706073760986e-01    -5.523013472557068e-01    -9.794615209102631e-02
    2.244649410247803e+00     4.456755816936493e-01    -5.080644488334656e-01    -7.370507717132568e-01
    1.687853574752808e+00    -2.303113639354706e-01     4.049512445926666e-01     8.848565816879272e-01
    2.635266304016113e+00     3.432982265949249e-01     3.262349069118500e-01    -8.807480335235596e-01
    1.664336800575256e+00    -8.221172690391541e-01    -5.597509145736694e-01    -1.039338260889053e-01
    9.188943505287170e-01     3.546726107597351e-01    -8.157321810722351e-01    -4.569336175918579e-01
    1.320944786071777e+00    -7.621624469757080e-01    -1.060857549309731e-01    -6.386346220970154e-01
    2.685888767242432e+00     4.078174829483032e-01     8.596063256263733e-01     3.078338205814362e-01
    2.747219562530518e+00     9.203628301620483e-01    -6.320329010486603e-02    -3.859243094921112e-01
    8.060037493705750e-01     3.137793838977814e-01    -7.806801795959473e-01     5.404452681541443e-01
    2.173919916152954e+00     7.853774726390839e-02     9.968776106834412e-01     8.182427845895290e-03
    1.924247622489929e+00     8.901455998420715e-02     7.594403028488159e-01     6.444587111473083e-01
    1.423880696296692e+00     4.981389045715332e-01     7.094693183898926e-01     4.985088407993317e-01
    1.620358467102051e+00     7.629200220108032e-01    -5.633481740951538e-01     3.171619772911072e-01
    1.620098948478699e+00    -4.556611180305481e-01    -5.185380205512047e-02     8.886417746543884e-01
    1.821954846382141e+00    -2.907577753067017e-01    -2.451632767915726e-01     9.248540401458740e-01
    1.996576547622681e+00    -2.504380345344543e-01     7.958822846412659e-01    -5.512279868125916e-01
    2.648379325866699e+00    -8.588160276412964e-01    -1.444374024868011e-01    -4.915007650852203e-01
    2.173367023468018e+00     6.225204467773438e-01    -7.546856403350830e-01    -2.071667909622192e-01
    2.082857608795166e+00     7.447117567062378e-01    -9.477876126766205e-02     6.606220006942749e-01
    2.949330091476440e+00    -1.678225845098495e-01    -6.949471235275269e-01     6.992023587226868e-01
    1.412610769271851e+00    -4.754310548305511e-01    -4.230452775955200e-01    -7.713611125946045e-01
    2.023175954818726e+00     2.728014290332794e-01     2.921315729618073e-01     9.166453480720520e-01
    9.656519293785095e-01     2.465972155332565e-01    -2.371487468481064e-01     9.396542906761169e-01
    1.116717457771301e+00    -8.448217511177063e-01    -6.233121454715729e-02    -5.314047336578369e-01
    2.246852159500122e+00     5.230128765106201e-01    -3.108710944652557e-01    -7.936099171638489e-01
    8.536002039909363e-01    -7.754704952239990e-01     1.900046318769455e-01    -6.021161675453186e-01
    1.986086010932922e+00     4.097072035074234e-02    -5.451032519340515e-02    -9.976723194122314e-01
    1.295301437377930e+00    -2.978866994380951e-01     8.347383737564087e-01    -4.631148874759674e-01
    1.268327832221985e+00     1.018299609422684e-01    -1.652830690145493e-01     9.809751510620117e-01
    1.015782594680786e+00    -4.715684950351715e-01    -3.248957395553589e-01    -8.197962045669556e-01
    2.053126573562622e+00     5.730811953544617e-01    -1.301639825105667e-01    -8.090953230857849e-01
    9.552624821662903e-01    -7.859084606170654e-01     6.016979925334454e-03    -6.183136105537415e-01
    1.068956136703491e+00     1.872003674507141e-01    -6.147646307945251e-01    -7.661726474761963e-01
    7.928490638732910e-01    -2.443639338016510e-01     1.729876175522804e-02    -9.695293903350830e-01
    5.869749784469604e-01    -3.817987740039825e-01     7.328372597694397e-01    -5.631867647171021e-01
    2.385077238082886e+00    -4.534733891487122e-01    -8.886210322380066e-01     6.866326183080673e-02
