   -2.568604052066803e-01
   -4.072813093662262e-01
   -1.801066547632217e-01
   -2.123339623212814e-01
   -1.212016418576241e-01
   -1.292605549097061e-01
   -1.456040292978287e-01
   -3.941325247287750e-01
   -2.958238124847412e-01
   -1.390050202608109e-01
   -1.188430935144424e-01
   -2.235721796751022e-01
   -2.234989404678345e-01
   -1.736203432083130e-01
   -2.333683967590332e-01
   -1.190130263566971e-01
   -1.294459849596024e-01
   -3.153506517410278e-01
   -1.688584983348846e-01
   -3.997772336006165e-01
   -2.829934954643250e-01
   -1.466993987560272e-01
   -2.142268866300583e-01
   -1.642530262470245e-01
   -3.652286231517792e-01
   -1.284181773662567e-01
   -1.828494817018509e-01
   -1.707500070333481e-01
   -3.001254498958588e-01
   -1.394197046756744e-01
   -1.241264864802361e-01
   -2.383816391229630e-01
   -1.863223761320114e-01
   -2.689419984817505e-01
   -3.923984766006470e-01
   -1.380984336137772e-01
   -1.215204373002052e-01
   -2.133547812700272e-01
   -1.971599161624908e-01
   -4.083349704742432e-01
   -1.732472330331802e-01
   -1.805299371480942e-01
   -1.853414773941040e-01
   -2.356429100036621e-01
   -1.201866716146469e-01
   -1.200626194477081e-01
   -1.658607572317123e-01
   -3.942907750606537e-01
   -1.507387757301331e-01
   -1.375648677349091e-01
   -1.203298568725586e-01
   -1.321253925561905e-01
   -2.463575452566147e-01
   -1.687044799327850e-01
   -1.934639364480972e-01
   -1.876092851161957e-01
   -2.923389971256256e-01
   -1.209243237972260e-01
   -2.521136403083801e-01
   -3.764581084251404e-01
   -1.550222337245941e-01
   -1.196663007140160e-01
   -1.558116078376770e-01
   -1.220382675528526e-01
   -2.528160214424133e-01
   -4.082574844360352e-01
   -2.752243578433990e-01
   -1.676481068134308e-01
   -1.706597805023193e-01
   -1.716107428073883e-01
   -3.154270648956299e-01
   -2.396118640899658e-01
   -2.427986264228821e-01
   -1.307374387979507e-01
   -2.242009192705154e-01
   -4.054466485977173e-01
   -2.033179998397827e-01
   -2.015842497348785e-01
   -3.653444647789001e-01
   -1.186073496937752e-01
   -2.090169936418533e-01
   -1.219704374670982e-01
   -1.400882452726364e-01
   -1.630029678344727e-01
   -2.563858330249786e-01
   -2.154730111360550e-01
   -3.729623854160309e-01
   -1.612107157707214e-01
   -1.427932679653168e-01
   -1.835203170776367e-01
   -3.305872082710266e-01
   -1.316126734018326e-01
   -1.475598961114883e-01
   -2.177693247795105e-01
   -1.256806701421738e-01
   -3.406043946743011e-01
   -1.567209064960480e-01
   -2.436314970254898e-01
   -2.524334192276001e-01
   -2.996937632560730e-01
   -2.243207097053528e-01
   -1.263746470212936e-01
   -1.502391099929810e-01
   -3.333330452442169e-01
   -1.192458942532539e-01
   -1.325808316469193e-01
   -1.802620291709900e-01
   -1.178328320384026e-01
   -1.213277950882912e-01
   -1.253618448972702e-01
   -1.403492689132690e-01
   -1.543623954057693e-01
   -1.670843064785004e-01
   -1.197934821248055e-01
   -1.892832368612289e-01
   -1.220691949129105e-01
   -3.691533207893372e-01
   -3.899680078029633e-01
   -2.636080384254456e-01
   -1.180902570486069e-01
   -1.869073361158371e-01
   -1.717657893896103e-01
   -1.965484917163849e-01
   -2.806534171104431e-01
   -1.647522151470184e-01
   -1.683923453092575e-01
   -1.363413333892822e-01
   -4.032953381538391e-01
   -1.282048523426056e-01
   -1.456556767225266e-01
   -1.449305266141891e-01
   -2.606930732727051e-01
   -4.016889333724976e-01
   -1.193884611129761e-01
   -1.343739777803421e-01
   -1.265231966972351e-01
   -3.294583559036255e-01
   -2.606706619262695e-01
   -1.579518616199493e-01
   -2.603392601013184e-01
   -1.570010632276535e-01
   -1.194333657622337e-01
   -2.270547449588776e-01
   -4.014875590801239e-01
   -1.232888773083687e-01
   -1.327174454927444e-01
   -1.755840629339218e-01
