   -2.695505023002625e-01
   -4.195998013019562e-01
   -1.848561763763428e-01
   -2.187172472476959e-01
   -1.228158250451088e-01
   -1.304467916488647e-01
   -1.480875909328461e-01
   -4.076651930809021e-01
   -3.120205104351044e-01
   -1.406356692314148e-01
   -1.203346997499466e-01
   -2.324329316616058e-01
   -2.315157055854797e-01
   -1.781693994998932e-01
   -2.461847066879272e-01
   -1.199607625603676e-01
   -1.313870400190353e-01
   -3.339237868785858e-01
   -1.723172962665558e-01
   -4.151165485382080e-01
   -2.983717322349548e-01
   -1.488300412893295e-01
   -2.252147644758224e-01
   -1.664203107357025e-01
   -3.873289227485657e-01
   -1.302259713411331e-01
   -1.876097172498703e-01
   -1.756370365619659e-01
   -3.156207203865051e-01
   -1.411648094654083e-01
   -1.256088912487030e-01
   -2.522509992122650e-01
   -1.917335987091064e-01
   -2.884590625762939e-01
   -4.091088175773621e-01
   -1.397704035043716e-01
   -1.223800182342529e-01
   -2.234752774238586e-01
   -2.036210447549820e-01
   -4.224150180816650e-01
   -1.759244799613953e-01
   -1.857358068227768e-01
   -1.904568672180176e-01
   -2.441944479942322e-01
   -1.212251633405685e-01
   -1.217697560787201e-01
   -1.698752045631409e-01
   -4.120465815067291e-01
   -1.540632545948029e-01
   -1.403380036354065e-01
   -1.219418719410896e-01
   -1.337272226810455e-01
   -2.622234523296356e-01
   -1.721597909927368e-01
   -1.976363360881805e-01
   -1.949614286422729e-01
   -3.083220422267914e-01
   -1.227160990238190e-01
   -2.619370520114899e-01
   -3.935275375843048e-01
   -1.588201969861984e-01
   -1.213473230600357e-01
   -1.587346941232681e-01
   -1.238164603710175e-01
   -2.629036009311676e-01
   -4.227364063262939e-01
   -2.962862849235535e-01
   -1.705123335123062e-01
   -1.738684624433517e-01
   -1.745498329401016e-01
   -3.314231336116791e-01
   -2.510434389114380e-01
   -2.595472931861877e-01
   -1.323749423027039e-01
   -2.363462746143341e-01
   -4.240144491195679e-01
   -2.124181985855103e-01
   -2.105047404766083e-01
   -3.789420127868652e-01
   -1.201350837945938e-01
   -2.145519852638245e-01
   -1.236747950315475e-01
   -1.427757889032364e-01
   -1.660483181476593e-01
   -2.755910158157349e-01
   -2.247443199157715e-01
   -3.858523666858673e-01
   -1.654168069362640e-01
   -1.447157859802246e-01
   -1.869363337755203e-01
   -3.463657498359680e-01
   -1.327427327632904e-01
   -1.506971120834351e-01
   -2.288312017917633e-01
   -1.271187812089920e-01
   -3.612182140350342e-01
   -1.587009727954865e-01
   -2.543911635875702e-01
   -2.674464285373688e-01
   -3.198674917221069e-01
   -2.339682281017303e-01
   -1.276878118515015e-01
   -1.535743325948715e-01
   -3.562484979629517e-01
   -1.208043769001961e-01
   -1.336869895458221e-01
   -1.840776503086090e-01
   -1.195236295461655e-01
   -1.231619566679001e-01
   -1.274871081113815e-01
   -1.431565582752228e-01
   -1.569648534059525e-01
   -1.704806387424469e-01
   -1.216209754347801e-01
   -1.950282305479050e-01
   -1.237862110137939e-01
   -3.857926726341248e-01
   -4.105710983276367e-01
   -2.826279699802399e-01
   -1.191051304340363e-01
   -1.930555701255798e-01
   -1.769598722457886e-01
   -2.027739584445953e-01
   -2.969191670417786e-01
   -1.690723448991776e-01
   -1.711229979991913e-01
   -1.380062401294708e-01
   -4.183038473129272e-01
   -1.303872466087341e-01
   -1.483155488967896e-01
   -1.477130651473999e-01
   -2.775785326957703e-01
   -4.197197556495667e-01
   -1.203619167208672e-01
   -1.354886591434479e-01
   -1.279017627239227e-01
   -3.471699059009552e-01
   -2.770221829414368e-01
   -1.599529385566711e-01
   -2.795249521732330e-01
   -1.611573100090027e-01
   -1.210126206278801e-01
   -2.346074283123016e-01
   -4.152720570564270e-01
   -1.246319413185120e-01
   -1.350105106830597e-01
   -1.802038997411728e-01
   -1.376773715019226e-01
   -1.842559427022934e-01
   -1.234457790851593e-01
   -1.500554680824280e-01
   -1.232961565256119e-01
   -4.173126220703125e-01
   -1.605526804924011e-01
   -1.846310347318649e-01
   -3.170879483222961e-01
   -3.776903450489044e-01
   -1.241141259670258e-01
   -3.506104946136475e-01
   -4.220541119575500e-01
   -2.703475654125214e-01
   -1.988789439201355e-01
   -1.614195406436920e-01
   -1.688404381275177e-01
   -1.526346653699875e-01
   -1.426006257534027e-01
   -1.300743967294693e-01
   -4.165562987327576e-01
   -1.732011139392853e-01
   -1.686535775661469e-01
   -1.243802979588509e-01
   -2.476546466350555e-01
   -1.782686859369278e-01
   -2.370942384004593e-01
   -2.938186228275299e-01
   -2.158691138029099e-01
   -2.271765470504761e-01
   -1.246069967746735e-01
   -1.229007840156555e-01
   -4.063440561294556e-01
   -2.166573107242584e-01
   -1.572136878967285e-01
   -3.411399722099304e-01
   -1.634325087070465e-01
   -1.822316646575928e-01
   -1.214540898799896e-01
   -1.784737408161163e-01
   -2.129419893026352e-01
   -1.290855705738068e-01
   -2.073402255773544e-01
   -2.226002812385559e-01
   -1.262892484664917e-01
   -3.557513654232025e-01
   -2.155814319849014e-01
   -1.431711614131927e-01
   -1.642977893352509e-01
   -1.873230636119843e-01
   -1.295014172792435e-01
   -1.659114658832550e-01
   -3.665926456451416e-01
   -3.175747096538544e-01
   -1.296601444482803e-01
   -2.651346921920776e-01
   -2.022911012172699e-01
   -1.537130177021027e-01
   -3.991016745567322e-01
   -1.527840644121170e-01
   -2.042754143476486e-01
   -1.876636743545532e-01
   -1.373009532690048e-01
   -1.830922961235046e-01
   -1.885185092687607e-01
   -1.692615151405334e-01
   -1.480726450681686e-01
   -1.350655704736710e-01
   -2.044126689434052e-01
   -1.479255557060242e-01
   -1.474623382091522e-01
   -1.810884177684784e-01
   -1.802643537521362e-01
   -1.892432868480682e-01
   -2.144341468811035e-01
   -2.657281756401062e-01
   -1.303932070732117e-01
   -2.238615155220032e-01
   -3.330258727073669e-01
   -1.384325623512268e-01
   -2.561733126640320e-01
   -2.330057322978973e-01
   -3.868591785430908e-01
   -1.630762815475464e-01
   -2.228403687477112e-01
   -4.169426560401917e-01
   -1.611119061708450e-01
   -1.455635279417038e-01
   -1.624866425991058e-01
   -3.815511465072632e-01
   -1.421290934085846e-01
   -4.251779913902283e-01
   -4.132135212421417e-01
   -4.259211421012878e-01
   -1.618608534336090e-01
   -2.659631073474884e-01
   -2.541469037532806e-01
   -1.293452978134155e-01
   -2.545420527458191e-01
   -1.660166382789612e-01
   -1.473153233528137e-01
   -1.520868390798569e-01
   -1.279468387365341e-01
   -1.773365139961243e-01
   -2.190789878368378e-01
   -1.259058564901352e-01
   -1.418325901031494e-01
   -1.552293747663498e-01
   -1.745557785034180e-01
   -1.637336760759354e-01
   -4.080522060394287e-01
   -2.324989736080170e-01
   -3.891735076904297e-01
   -4.209039807319641e-01
   -1.411832869052887e-01
   -1.217043399810791e-01
   -1.768648475408554e-01
   -4.198926389217377e-01
   -2.714834809303284e-01
   -1.457085311412811e-01
   -1.225047856569290e-01
   -2.089101374149323e-01
   -1.842755079269409e-01
   -2.762007117271423e-01
   -1.442764997482300e-01
   -1.196057945489883e-01
   -3.221763670444489e-01
   -2.518003582954407e-01
   -4.146367907524109e-01
   -1.205714344978333e-01
   -3.096311986446381e-01
   -1.691711843013763e-01
   -3.975196778774261e-01
   -1.834296584129333e-01
   -4.246807098388672e-01
   -1.416596919298172e-01
   -1.261232793331146e-01
   -1.242711246013641e-01
   -2.029910683631897e-01
   -1.762603819370270e-01
   -3.153625726699829e-01
   -4.263680875301361e-01
   -3.959665894508362e-01
   -1.931356638669968e-01
   -1.331885308027267e-01
   -1.578996330499649e-01
   -2.226990461349487e-01
   -1.362403333187103e-01
   -1.720306575298309e-01
   -1.437558978796005e-01
   -1.299709826707840e-01
   -1.512002497911453e-01
   -2.691248953342438e-01
   -1.268546879291534e-01
   -1.458952128887177e-01
   -1.822890341281891e-01
   -2.632338702678680e-01
   -2.097938358783722e-01
   -1.481870412826538e-01
   -1.443448662757874e-01
   -1.256405264139175e-01
   -1.562469601631165e-01
   -2.693400681018829e-01
   -4.245737195014954e-01
   -1.901201605796814e-01
   -1.765115857124329e-01
   -4.141071140766144e-01
   -1.332063525915146e-01
   -1.674998253583908e-01
   -3.517347574234009e-01
   -1.782862097024918e-01
   -2.496142089366913e-01
   -2.492324411869049e-01
   -2.745201289653778e-01
   -2.000173032283783e-01
   -4.174057841300964e-01
   -1.504970788955688e-01
   -1.619115024805069e-01
   -2.040508687496185e-01
   -3.716367781162262e-01
   -4.222815334796906e-01
   -2.439221143722534e-01
   -4.156394004821777e-01
   -1.326736658811569e-01
   -1.537795364856720e-01
   -2.728198170661926e-01
   -4.215718507766724e-01
   -1.419725120067596e-01
   -3.444502949714661e-01
   -1.651331782341003e-01
   -2.412585467100143e-01
   -1.823927313089371e-01
   -1.343807280063629e-01
   -3.143798708915710e-01
   -1.632133126258850e-01
   -1.366844326257706e-01
   -2.076248526573181e-01
   -4.223327636718750e-01
   -1.959040164947510e-01
   -2.046175599098206e-01
   -4.220014810562134e-01
   -3.736258149147034e-01
   -3.180710077285767e-01
   -1.192074716091156e-01
   -2.094050943851471e-01
   -2.101628482341766e-01
   -1.831987798213959e-01
   -1.984844803810120e-01
   -1.198092550039291e-01
   -3.090079128742218e-01
   -2.128460258245468e-01
   -1.686092317104340e-01
   -1.671861112117767e-01
   -1.436960101127625e-01
   -1.582442373037338e-01
   -1.234000772237778e-01
   -1.576925665140152e-01
   -4.104236364364624e-01
   -1.896044611930847e-01
   -1.209168285131454e-01
   -2.229655683040619e-01
   -3.432401418685913e-01
   -1.785718798637390e-01
   -1.689396053552628e-01
   -1.433413773775101e-01
   -1.729533970355988e-01
   -1.713477969169617e-01
   -4.099144935607910e-01
   -4.139162003993988e-01
   -2.562930285930634e-01
   -4.141350686550140e-01
   -2.404582202434540e-01
   -1.369091421365738e-01
   -1.712048947811127e-01
   -1.254858374595642e-01
   -1.706016957759857e-01
   -1.561183929443359e-01
   -4.215934872627258e-01
   -2.138146907091141e-01
   -2.471809387207031e-01
   -1.714141666889191e-01
   -1.532484591007233e-01
   -2.751039266586304e-01
   -2.098344862461090e-01
   -2.479940801858902e-01
   -1.437728554010391e-01
   -1.974439173936844e-01
   -2.028490900993347e-01
   -1.419120132923126e-01
   -2.761976718902588e-01
   -1.373406648635864e-01
   -2.337706238031387e-01
   -1.394243985414505e-01
   -2.028123587369919e-01
   -4.151651859283447e-01
   -2.226617634296417e-01
   -1.255294531583786e-01
   -1.978565156459808e-01
   -2.167939543724060e-01
   -1.434086561203003e-01
   -1.382526457309723e-01
   -2.556744217872620e-01
   -3.389946222305298e-01
   -1.210019662976265e-01
   -1.761177480220795e-01
   -2.238008379936218e-01
   -1.834969073534012e-01
   -1.319292187690735e-01
   -4.232983291149139e-01
   -1.268342137336731e-01
   -2.301679551601410e-01
   -2.488219738006592e-01
   -1.360920369625092e-01
   -4.018527865409851e-01
   -3.081907629966736e-01
   -2.158823311328888e-01
   -4.020781517028809e-01
   -4.207543134689331e-01
   -3.298804163932800e-01
   -2.452197372913361e-01
   -1.597595214843750e-01
   -1.376307010650635e-01
   -4.146547317504883e-01
   -1.196108609437943e-01
   -2.191067934036255e-01
   -1.561399400234222e-01
   -2.202389389276505e-01
   -1.961777210235596e-01
   -1.636785417795181e-01
   -1.730549484491348e-01
   -1.691134572029114e-01
   -1.775912642478943e-01
   -1.250018328428268e-01
   -2.876999378204346e-01
   -3.585330843925476e-01
   -2.430965006351471e-01
   -1.877762079238892e-01
   -1.705247461795807e-01
   -1.321238428354263e-01
   -1.857692301273346e-01
   -3.847009837627411e-01
   -1.343617290258408e-01
   -1.909371018409729e-01
   -2.037810683250427e-01
   -3.970260322093964e-01
   -1.245031058788300e-01
   -1.286068558692932e-01
   -1.364803016185760e-01
   -1.803883016109467e-01
   -2.057138979434967e-01
   -1.783334910869598e-01
   -1.309255808591843e-01
   -1.305702626705170e-01
   -1.554324775934219e-01
   -4.259139895439148e-01
   -2.161855697631836e-01
   -1.511064767837524e-01
   -3.646038472652435e-01
   -1.344514787197113e-01
   -4.230343997478485e-01
   -2.054219245910645e-01
   -1.367191225290298e-01
   -1.336429566144943e-01
   -1.690679043531418e-01
   -3.823561966419220e-01
   -1.538782715797424e-01
   -1.195147261023521e-01
   -1.238385587930679e-01
   -1.259934008121490e-01
   -1.363941729068756e-01
   -1.994877904653549e-01
   -1.190564110875130e-01
   -1.488683074712753e-01
   -1.524738371372223e-01
   -4.269013404846191e-01
   -3.943440318107605e-01
   -2.145318686962128e-01
   -1.964100599288940e-01
   -1.512928009033203e-01
   -1.364405453205109e-01
   -1.345135122537613e-01
   -1.869720816612244e-01
   -1.881629675626755e-01
   -3.994144201278687e-01
   -1.370114088058472e-01
   -1.311047822237015e-01
   -4.263211786746979e-01
   -1.918664425611496e-01
   -1.257000118494034e-01
   -2.183631062507629e-01
   -1.279288381338120e-01
   -4.174141287803650e-01
   -4.191493690013885e-01
