   -2.183399349451065e-01
   -3.290672898292542e-01
   -9.646118432283401e-02
   -1.583372801542282e-01
   -3.854476660490036e-02
   -5.591143295168877e-02
   -6.074264645576477e-02
   -2.988261282444000e-01
   -2.284766435623169e-01
   -6.314561516046524e-02
   -3.757352754473686e-02
   -1.580902934074402e-01
   -1.694974601268768e-01
   -8.460140228271484e-02
   -1.352927386760712e-01
   -4.654969274997711e-02
   -4.434025287628174e-02
   -2.017310261726379e-01
   -9.013534337282181e-02
   -2.798683047294617e-01
   -2.364642024040222e-01
   -6.790647655725479e-02
   -9.998802095651627e-02
   -9.955345839262009e-02
   -1.716613769531250e-01
   -4.500531032681465e-02
   -1.027791574597359e-01
   -7.341897487640381e-02
   -2.388941347599030e-01
   -6.203159317374229e-02
   -4.439969733357430e-02
   -1.376744657754898e-01
   -1.018985435366631e-01
   -1.708295047283173e-01
   -2.563012540340424e-01
   -6.112668290734291e-02
   -5.102415382862091e-02
   -1.094209477305412e-01
   -1.148039549589157e-01
   -3.125227391719818e-01
   -1.108559891581535e-01
   -9.090844541788101e-02
   -1.037141457200050e-01
   -2.011959999799728e-01
   -4.651485383510590e-02
   -3.561791777610779e-02
   -7.578785717487335e-02
   -2.440340220928192e-01
   -5.695215612649918e-02
   -4.339262843132019e-02
   -3.748128563165665e-02
   -5.341572687029839e-02
   -1.379484087228775e-01
   -8.986224979162216e-02
   -1.374243944883347e-01
   -7.747142016887665e-02
   -2.305075526237488e-01
   -3.534740954637527e-02
   -2.402213066816330e-01
   -2.427290380001068e-01
   -5.769858881831169e-02
   -3.554165363311768e-02
   -7.216268777847290e-02
   -3.698827326297760e-02
   -2.391238361597061e-01
   -3.086219131946564e-01
   -1.584210395812988e-01
   -9.626799821853638e-02
   -9.758713096380234e-02
   -1.035323217511177e-01
   -2.360897660255432e-01
   -1.751196980476379e-01
   -1.135339885950089e-01
   -5.089646205306053e-02
   -1.147978901863098e-01
   -2.449353933334351e-01
   -9.459062665700912e-02
   -9.227143973112106e-02
   -2.835634946823120e-01
   -3.670109063386917e-02
   -1.605492979288101e-01
   -3.808098286390305e-02
   -4.866139963269234e-02
   -8.419014513492584e-02
   -1.284995824098587e-01
   -1.275519430637360e-01
   -2.959631681442261e-01
   -6.357318907976151e-02
   -6.464180350303650e-02
   -1.235878989100456e-01
   -2.431848347187042e-01
   -6.003859266638756e-02
   -5.419744551181793e-02
   -1.097123399376869e-01
   -4.713940620422363e-02
   -1.821503937244415e-01
   -8.783575147390366e-02
   -1.979748904705048e-01
   -1.710132360458374e-01
   -1.762491464614868e-01
   -1.495967060327530e-01
   -5.003251880407333e-02
   -5.590343847870827e-02
   -1.492802500724792e-01
   -3.699189424514771e-02
   -6.177142634987831e-02
   -1.102174818515778e-01
   -3.311664611101151e-02
   -3.518255800008774e-02
   -3.584000840783119e-02
   -4.724680632352829e-02
   -7.425940036773682e-02
   -8.734112977981567e-02
   -3.334492072463036e-02
   -1.045166030526161e-01
   -3.800540789961815e-02
   -2.451158463954926e-01
   -2.039929926395416e-01
   -1.575666368007660e-01
   -4.435892403125763e-02
   -9.284910559654236e-02
   -7.117939740419388e-02
   -1.164985373616219e-01
   -2.240344285964966e-01
   -6.903874874114990e-02
   -9.975906461477280e-02
   -5.858728662133217e-02
   -2.878327667713165e-01
   -3.882541134953499e-02
   -5.816376209259033e-02
   -5.509569868445396e-02
   -1.755968630313873e-01
   -2.469317317008972e-01
   -4.658867418766022e-02
   -6.419914215803146e-02
   -4.919779673218727e-02
   -2.171827256679535e-01
   -1.827223896980286e-01
   -8.981722593307495e-02
   -1.432402878999710e-01
   -5.611719936132431e-02
   -3.688969090580940e-02
   -1.870765239000320e-01
   -3.016546666622162e-01
   -4.553378373384476e-02
   -4.351935908198357e-02
   -8.796060085296631e-02
   -5.022811144590378e-02
   -1.241266727447510e-01
   -4.563735425472260e-02
   -7.923088967800140e-02
   -3.481190279126167e-02
   -3.027350306510925e-01
   -7.718355208635330e-02
   -7.430813461542130e-02
   -2.690785229206085e-01
   -1.996344923973083e-01
   -4.627441614866257e-02
   -1.534474790096283e-01
   -3.067774772644043e-01
   -1.852304786443710e-01
   -1.437350213527679e-01
   -5.814769864082336e-02
   -7.080161571502686e-02
   -4.985110089182854e-02
   -4.547177255153656e-02
   -4.135370254516602e-02
   -3.118479251861572e-01
   -9.339148551225662e-02
   -8.696800470352173e-02
   -3.388680145144463e-02
   -1.280493438243866e-01
   -6.979548931121826e-02
   -2.072845697402954e-01
   -2.588042020797729e-01
   -1.638112664222717e-01
   -1.209013015031815e-01
   -5.125217884778976e-02
   -3.615415468811989e-02
   -2.228887081146240e-01
   -1.389601230621338e-01
   -5.918665230274200e-02
   -2.999215424060822e-01
   -7.054850459098816e-02
   -9.995888918638229e-02
   -4.295234382152557e-02
   -1.140785515308380e-01
   -1.497478038072586e-01
   -5.764852091670036e-02
   -1.565548926591873e-01
   -1.272073090076447e-01
   -3.797764703631401e-02
   -1.704643070697784e-01
   -1.073467209935188e-01
   -4.489066451787949e-02
   -6.676220148801804e-02
   -1.168643087148666e-01
   -5.118506029248238e-02
   -6.724167615175247e-02
   -2.554422616958618e-01
   -2.315838336944580e-01
   -5.503682792186737e-02
   -2.473973780870438e-01
   -1.141913682222366e-01
   -5.166111513972282e-02
   -2.835337817668915e-01
   -7.694014161825180e-02
   -1.330071091651917e-01
   -7.307211309671402e-02
   -5.967739224433899e-02
   -9.864184260368347e-02
   -8.096307516098022e-02
   -8.959875255823135e-02
   -6.336759775876999e-02
   -6.227181106805801e-02
   -1.447506248950958e-01
   -5.208890140056610e-02
   -4.652414470911026e-02
   -7.089358568191528e-02
   -1.108851805329323e-01
   -1.044658645987511e-01
   -1.045742705464363e-01
   -1.410893052816391e-01
   -3.666309639811516e-02
   -1.077470183372498e-01
   -2.506403326988220e-01
   -6.091782823204994e-02
   -1.222766041755676e-01
   -1.203272640705109e-01
   -1.934587061405182e-01
   -6.886243820190430e-02
   -1.727019846439362e-01
   -3.291220366954803e-01
   -7.863625138998032e-02
   -5.232093110680580e-02
   -7.056085765361786e-02
   -2.058567404747009e-01
   -5.722404271364212e-02
   -2.761569023132324e-01
   -2.760371267795563e-01
   -2.645260095596313e-01
   -8.151536434888840e-02
   -1.988424062728882e-01
   -1.357298642396927e-01
   -3.855931386351585e-02
   -2.330329716205597e-01
   -9.722573310136795e-02
   -6.165905669331551e-02
   -8.147381991147995e-02
   -4.213031008839607e-02
   -9.456263482570648e-02
   -1.628456711769104e-01
   -4.135999456048012e-02
   -5.841815844178200e-02
   -6.981714069843292e-02
   -1.034561246633530e-01
   -7.607100158929825e-02
   -3.025543689727783e-01
   -1.936693787574768e-01
   -3.124949932098389e-01
   -3.320714831352234e-01
   -5.487941205501556e-02
   -4.171183332800865e-02
   -1.117968261241913e-01
   -3.111633360385895e-01
   -2.139788866043091e-01
   -4.502936825156212e-02
   -3.507601842284203e-02
   -1.482681334018707e-01
   -1.077722162008286e-01
   -2.405430823564529e-01
   -6.025866046547890e-02
   -3.090422227978706e-02
   -2.387443780899048e-01
   -1.629162877798080e-01
   -3.335676789283752e-01
   -4.137657210230827e-02
   -2.555170953273773e-01
   -7.241497188806534e-02
   -1.927008330821991e-01
   -1.062610223889351e-01
   -2.173879444599152e-01
   -4.235078766942024e-02
   -3.845683857798576e-02
   -3.741844743490219e-02
   -1.126106157898903e-01
   -7.436222583055496e-02
   -2.154334187507629e-01
   -2.622399330139160e-01
   -2.838307023048401e-01
   -1.254847496747971e-01
   -4.790262132883072e-02
   -5.409285798668861e-02
   -1.148393377661705e-01
   -6.181762367486954e-02
   -6.130642071366310e-02
   -6.642467528581619e-02
   -4.741259291768074e-02
   -4.920620843768120e-02
   -2.502454519271851e-01
   -5.475888401269913e-02
   -6.406074762344360e-02
   -9.407679736614227e-02
   -2.398512363433838e-01
   -1.592320501804352e-01
   -4.977705329656601e-02
   -4.889703169465065e-02
   -5.134634673595428e-02
   -5.463949218392372e-02
   -1.530086249113083e-01
   -2.656689286231995e-01
   -1.000782996416092e-01
   -8.186516910791397e-02
   -3.316954970359802e-01
   -4.755329340696335e-02
   -9.366118907928467e-02
   -2.864316999912262e-01
   -8.073003590106964e-02
   -2.043202519416809e-01
   -2.170047610998154e-01
   -2.416085898876190e-01
   -8.703184127807617e-02
   -3.159275650978088e-01
   -7.304296642541885e-02
   -7.996444404125214e-02
   -1.519271880388260e-01
   -2.505043148994446e-01
   -3.094550371170044e-01
   -1.872270554304123e-01
   -2.449096441268921e-01
   -4.475826770067215e-02
   -5.763213336467743e-02
   -2.287358939647675e-01
   -2.339619994163513e-01
   -4.703263565897942e-02
   -1.789167225360870e-01
   -9.501114487648010e-02
   -1.645409017801285e-01
   -7.255353033542633e-02
   -3.870237246155739e-02
   -1.849319338798523e-01
   -6.364500522613525e-02
   -4.523954913020134e-02
   -1.130915582180023e-01
   -3.113935291767120e-01
   -1.172035709023476e-01
   -1.077747493982315e-01
   -2.871493697166443e-01
   -1.645205914974213e-01
   -2.715588212013245e-01
   -3.810786455869675e-02
   -1.329847574234009e-01
   -8.717646449804306e-02
   -1.202988028526306e-01
   -1.183002144098282e-01
   -3.225527703762054e-02
   -2.226143181324005e-01
   -1.178804412484169e-01
   -6.163486465811729e-02
   -9.246043860912323e-02
   -4.493248835206032e-02
   -6.430721282958984e-02
   -3.630544617772102e-02
   -7.949653267860413e-02
   -1.887158155441284e-01
   -1.032544150948524e-01
   -3.501151129603386e-02
   -1.000064909458160e-01
   -2.246538996696472e-01
   -8.626867085695267e-02
   -8.223148435354233e-02
   -6.307569146156311e-02
   -7.054792344570160e-02
   -1.057624071836472e-01
   -3.104814589023590e-01
   -2.249375283718109e-01
   -1.122021004557610e-01
   -2.616201043128967e-01
   -1.985561400651932e-01
   -4.695325717329979e-02
   -6.210255995392799e-02
   -3.553993254899979e-02
   -8.147664368152618e-02
   -7.030659168958664e-02
   -2.973251044750214e-01
   -1.021800339221954e-01
   -1.108452379703522e-01
   -6.984546780586243e-02
   -7.501357048749924e-02
   -2.293710112571716e-01
   -1.535133868455887e-01
   -1.210116073489189e-01
   -6.546357274055481e-02
   -1.291318237781525e-01
   -9.502468258142471e-02
   -5.759308487176895e-02
   -1.803178191184998e-01
   -5.821362137794495e-02
   -1.775209307670593e-01
   -6.152548640966415e-02
   -9.433677047491074e-02
   -3.370628952980042e-01
   -1.806446313858032e-01
   -4.239881783723831e-02
   -8.075684309005737e-02
   -1.247468516230583e-01
   -5.033811554312706e-02
   -5.197961628437042e-02
   -2.328668385744095e-01
   -2.435131669044495e-01
   -4.902604594826698e-02
   -9.483438730239868e-02
   -1.808570921421051e-01
   -1.156756281852722e-01
   -4.116693884134293e-02
   -2.931616604328156e-01
   -5.343100428581238e-02
   -1.518153995275497e-01
   -1.728202253580093e-01
   -5.305141583085060e-02
   -1.915883421897888e-01
   -2.794787585735321e-01
   -1.305151432752609e-01
   -1.813964843750000e-01
   -3.340133130550385e-01
   -2.517549395561218e-01
   -1.189568638801575e-01
   -7.095746695995331e-02
   -4.625086486339569e-02
   -3.081018328666687e-01
   -3.913169726729393e-02
   -1.768775582313538e-01
   -5.789415165781975e-02
   -1.312378197908401e-01
   -8.659597486257553e-02
   -6.493690609931946e-02
   -6.755088269710541e-02
   -7.055243849754333e-02
   -6.488286703824997e-02
   -4.908944666385651e-02
   -1.491987854242325e-01
   -1.707684993743896e-01
   -1.321830451488495e-01
   -1.255840063095093e-01
   -7.087350636720657e-02
   -4.975951090455055e-02
   -9.233359247446060e-02
   -2.978826463222504e-01
   -6.167733669281006e-02
   -9.629126638174057e-02
   -1.037618592381477e-01
   -2.354745268821716e-01
   -3.691010549664497e-02
   -3.938749432563782e-02
   -5.233667045831680e-02
   -1.163859292864799e-01
   -1.466508060693741e-01
   -1.043405905365944e-01
   -3.923510387539864e-02
   -5.501011759042740e-02
   -6.055369973182678e-02
   -2.595786452293396e-01
   -1.606790572404861e-01
   -7.818200439214706e-02
   -1.967577934265137e-01
   -4.480255022644997e-02
   -2.957137227058411e-01
   -1.498233377933502e-01
   -6.010622903704643e-02
   -4.122317582368851e-02
   -6.169259548187256e-02
   -2.040088176727295e-01
   -6.981317698955536e-02
   -3.577554970979691e-02
   -3.581219539046288e-02
   -3.474654257297516e-02
   -6.334634870290756e-02
   -1.259892284870148e-01
   -4.625279828906059e-02
   -4.793525859713554e-02
   -5.785645544528961e-02
   -2.550663948059082e-01
   -2.698633372783661e-01
   -1.360031664371490e-01
   -1.367375701665878e-01
   -7.245630025863647e-02
   -5.089128762483597e-02
   -5.096575617790222e-02
   -1.279928684234619e-01
   -1.134774684906006e-01
   -2.664915025234222e-01
   -4.477795958518982e-02
   -4.223883152008057e-02
   -2.608091235160828e-01
   -1.059200167655945e-01
   -5.426355451345444e-02
   -1.449586153030396e-01
   -4.553928971290588e-02
   -3.280981481075287e-01
   -2.267914414405823e-01
