    5.166385769844055e-01     1.282609254121780e-01    -9.347786903381348e-01
    2.113890051841736e-01    -1.474751532077789e-01    -3.520030975341797e-01
   -2.891060896217823e-02     9.928037524223328e-01    -1.445396780967712e+00
    7.985078692436218e-01    -8.384816646575928e-01    -7.867320775985718e-01
   -9.729602932929993e-01     1.828747391700745e+00    -2.025875091552734e+00
    1.941850066184998e+00     8.937948346138000e-01    -1.621852040290833e+00
   -1.285801827907562e-01    -8.197987079620361e-01    -2.162697792053223e+00
    2.454598844051361e-01     5.275550484657288e-01     8.246615529060364e-02
    2.552926838397980e-01    -5.502817034721375e-01    -7.232164740562439e-01
    1.353151202201843e+00    -1.147844791412354e+00    -1.696455478668213e+00
   -8.153150081634521e-01     2.539257526397705e+00     1.295807957649231e+00
    2.690452039241791e-01    -7.797327637672424e-01    -1.009168386459351e+00
    5.854945182800293e-01    -8.910952210426331e-01    -7.506520152091980e-01
   -3.947350680828094e-01    -1.697507977485657e+00     5.973197221755981e-01
   -5.613845586776733e-01    -2.456315755844116e-01    -1.064390540122986e+00
    2.038109779357910e+00     4.302073419094086e-01     2.103178024291992e+00
   -8.611264228820801e-01    -7.459406852722168e-01    -2.424295425415039e+00
   -1.438048630952835e-01     8.740417361259460e-01     1.289668083190918e-01
    4.840716123580933e-01     1.226763844490051e+00     1.384135603904724e+00
    4.823775216937065e-02    -1.752030849456787e-01    -5.103664994239807e-01
    4.184279143810272e-01     6.602879166603088e-01    -5.802845954895020e-01
    7.993319034576416e-01     8.178647160530090e-01    -1.989296317100525e+00
   -1.218411445617676e+00    -4.968040809035301e-02     6.519852280616760e-01
    1.919230461120605e+00    -4.411897659301758e-01     2.325765341520309e-01
   -6.308679580688477e-01     1.434286534786224e-01     3.519531488418579e-01
   -5.271022319793701e-01    -2.357694149017334e+00     1.215695858001709e+00
    1.747895926237106e-01     1.577898263931274e+00     6.574432849884033e-01
   -1.090865850448608e+00    -9.665642976760864e-01     1.193422436714172e+00
    3.534909784793854e-01    -7.169086337089539e-01     4.824040830135345e-01
    1.071623444557190e+00    -2.017828464508057e+00     8.729857206344604e-01
    1.373460143804550e-01    -2.791393280029297e+00    -3.515648245811462e-01
   -5.834166407585144e-01    -7.179232686758041e-02     1.037615537643433e+00
   -1.215671524405479e-01    -1.641568541526794e+00     3.099793493747711e-01
   -3.198056519031525e-01     5.016252994537354e-01     8.161239624023438e-01
   -5.108194425702095e-02    -5.436831116676331e-01    -2.480124235153198e-01
    1.151956796646118e+00    -7.431556582450867e-01     2.060529947280884e+00
    2.697636604309082e+00    -1.837199032306671e-01     1.016020298004150e+00
   -8.896722793579102e-01     1.054439425468445e+00     1.744279712438583e-01
   -8.716779202222824e-02    -6.982793211936951e-01     1.381607294082642e+00
    5.653316155076027e-02    -3.660487234592438e-01    -4.765301570296288e-02
    1.687627315521240e+00     2.116524875164032e-01    -7.216867208480835e-01
   -4.282517731189728e-01    -1.660042285919189e+00    -3.421994149684906e-01
    5.121416598558426e-02     1.450675487518311e+00    -8.596833944320679e-01
    8.580152988433838e-01     1.892953068017960e-01     8.345050215721130e-01
    1.700296521186829e+00     1.368159890174866e+00    -1.949378132820129e+00
   -1.665020108222961e+00    -7.125084996223450e-01    -2.302994012832642e+00
   -5.207582116127014e-01     1.814802527427673e+00    -5.175297260284424e-01
   -1.549873948097229e-01    -3.087142109870911e-01     4.740265607833862e-01
   -1.265541672706604e+00    -2.341966610401869e-03    -1.819867014884949e+00
   -2.127884626388550e+00    -5.315114259719849e-01     1.172011375427246e+00
   -1.134159564971924e+00    -2.028659343719482e+00    -1.771224379539490e+00
    7.395149469375610e-01     2.372496366500854e+00    -8.073189854621887e-01
   -6.641136407852173e-01    -7.046956419944763e-01    -6.006493568420410e-01
    4.763450324535370e-01    -3.624204993247986e-01     1.818161606788635e+00
    1.254712224006653e+00     9.613599181175232e-01    -1.830395609140396e-01
   -1.586907267570496e+00     2.716200053691864e-01    -4.018948674201965e-01
    2.974222004413605e-01     7.173991799354553e-01    -5.508898496627808e-01
   -1.892809867858887e+00     1.711678862571716e+00     1.388523221015930e+00
    1.001908898353577e+00     1.115092784166336e-01     4.493978619575500e-01
   -5.065393447875977e-02     8.732981234788895e-02     6.806735396385193e-01
   -1.543257355690002e+00     1.349418401718140e+00    -6.079512238502502e-01
   -1.619936466217041e+00    -2.000893592834473e+00     1.422271847724915e+00
    1.149014979600906e-01     5.238339304924011e-01    -2.055468320846558e+00
   -1.585685968399048e+00     2.314995288848877e+00     6.215658187866211e-01
    9.605851173400879e-01     1.090954542160034e-01     5.237150192260742e-01
    2.811728976666927e-02    -2.604332566261292e-01     2.485439926385880e-01
   -4.986143112182617e-01    -4.858181476593018e-01    -7.048472166061401e-01
    1.159699201583862e+00     1.375320792198181e+00     6.993264555931091e-01
    9.228768348693848e-01     7.496060132980347e-01     1.462831497192383e+00
    1.302338004112244e+00     1.309392571449280e+00    -3.011502921581268e-01
    2.372424751520157e-01     1.590857207775116e-01     8.481205701828003e-01
    1.716788858175278e-01    -1.016382932662964e+00     5.827050209045410e-01
   -1.106428742408752e+00     1.726285368204117e-01    -3.126300573348999e-01
    4.434516429901123e-01     1.622907966375351e-01    -2.604197502136230e+00
   -9.293863177299500e-01    -1.393969953060150e-01     8.957836031913757e-01
   -2.285554856061935e-01    -5.418521538376808e-02     4.117043316364288e-01
   -1.199225783348083e+00    -7.999833226203918e-01    -3.618245720863342e-01
   -1.252692103385925e+00     3.606026470661163e-01     7.499893307685852e-01
    3.904193937778473e-01    -1.336178481578827e-01    -6.094879508018494e-01
   -1.051320195198059e+00     1.998652935028076e+00     1.932027459144592e+00
    1.077523112297058e+00    -5.458611994981766e-03    -9.411200881004333e-01
   -1.251938104629517e+00     2.544496536254883e+00     4.785295426845551e-01
   -1.433296322822571e+00    -6.890130043029785e-01    -1.839100837707520e+00
    5.753023624420166e-01     8.765428662300110e-01    -1.706645369529724e+00
   -8.699132204055786e-01    -4.317356646060944e-01     4.689774513244629e-01
   -3.548582196235657e-01     1.086299777030945e+00    -7.587196826934814e-01
    4.358523488044739e-01    -1.372698247432709e-01     5.355946421623230e-01
   -1.354532480239868e+00    -8.987981081008911e-01     1.219541907310486e+00
    9.256257414817810e-01    -1.784781217575073e+00     1.262285351753235e+00
    1.414827108383179e+00     9.529927968978882e-01     1.160692274570465e-01
    2.284462749958038e-01    -8.098706603050232e-01    -1.399764567613602e-01
    2.328475952148438e+00    -6.230941414833069e-01     1.040299654006958e+00
   -1.342853546142578e+00    -1.707291007041931e+00    -6.852425336837769e-01
   -9.703232645988464e-01     8.407477140426636e-01    -4.228622615337372e-01
    5.500755906105042e-01    -1.818593740463257e+00     2.023020267486572e+00
   -4.530950188636780e-01     5.506446361541748e-01    -4.106341302394867e-01
    1.830301761627197e+00    -5.765877962112427e-01    -8.732807040214539e-01
    5.144814848899841e-01    -9.569985866546631e-01     3.980503380298615e-01
   -1.568807214498520e-01    -9.891599416732788e-01     4.592531621456146e-01
   -3.703466951847076e-01     5.810705423355103e-01    -6.314931511878967e-01
    1.132283080369234e-02     5.012111067771912e-01     1.196571826934814e+00
    1.155149459838867e+00     2.501011133193970e+00    -1.108207851648331e-01
   -1.360904932022095e+00     1.148099064826965e+00    -1.336110830307007e+00
   -7.717267274856567e-01    -1.966270804405212e-01     2.824571728706360e-01
   -1.081955313682556e+00     2.745571374893188e+00     1.162411421537399e-01
    2.476038694381714e+00     5.015465617179871e-01     6.229563355445862e-01
    8.766384720802307e-01    -1.895722448825836e-01    -1.504687905311584e+00
   -2.090149641036987e+00    -1.895993709564209e+00    -1.002647519111633e+00
   -2.007317781448364e+00     1.093475222587585e+00     1.774700284004211e+00
   -2.404126882553101e+00     9.270375967025757e-01    -1.053617000579834e+00
   -1.713708996772766e+00     1.521185398101807e+00     7.957572340965271e-01
    5.516662001609802e-01     1.433175802230835e+00     1.504808545112610e+00
    4.222591221332550e-01    -5.733758807182312e-01    -1.803264617919922e+00
   -2.332844018936157e+00    -8.382530808448792e-01    -1.576154589653015e+00
   -1.585427671670914e-01    -3.027478754520416e-01     1.603415966033936e+00
   -1.291644454002380e+00    -2.357580661773682e+00    -1.014135241508484e+00
    1.572757028043270e-02    -3.754302263259888e-01    -6.147063374519348e-01
   -4.319829046726227e-01     3.818344175815582e-01    -2.157135307788849e-01
   -4.668359756469727e-01     2.133445441722870e-01    -9.022750854492188e-01
    1.583469390869141e+00     2.419027090072632e+00     7.511240243911743e-01
   -6.796741485595703e-01    -1.386701822280884e+00     6.300014257431030e-01
   -1.335452795028687e+00     1.235406637191772e+00     4.280211329460144e-01
    2.504665590822697e-02    -1.543881177902222e+00    -2.010293900966644e-01
    2.801769077777863e-01    -8.405506014823914e-01     4.158821702003479e-01
   -1.069173812866211e+00     4.454089403152466e-01     1.599804878234863e+00
    1.376233816146851e+00     4.299996197223663e-01     1.266129374504089e+00
    9.985821843147278e-01     2.239910125732422e+00     5.545309782028198e-01
    5.625853687524796e-02    -1.019397154450417e-01     4.906687140464783e-01
   -2.015035152435303e+00     1.804208993911743e+00    -1.681681126356125e-01
   -5.326490998268127e-01    -8.906843513250351e-02     2.251536130905151e+00
   -9.215155243873596e-01    -2.104451417922974e+00    -3.887058198451996e-01
   -1.879533529281616e-01     1.191280558705330e-01    -1.030270457267761e+00
   -1.872850209474564e-01    -1.549366265535355e-01     4.627197086811066e-01
    1.943997502326965e+00    -1.951529502868652e+00     1.053715944290161e+00
    2.559081077575684e+00    -5.036251991987228e-02    -1.667959056794643e-02
    9.050476551055908e-01     9.342697858810425e-01     2.426599502563477e+00
   -4.115366935729980e-02    -2.642889320850372e-01     8.134547472000122e-01
   -8.418700844049454e-02    -8.768261671066284e-01     5.790731906890869e-01
    1.861397027969360e+00     9.154590368270874e-01     2.299350053071976e-01
   -6.567586064338684e-01    -2.210385054349899e-01     7.968318462371826e-01
   -1.875697612762451e+00    -9.178336262702942e-01     2.527479231357574e-01
   -1.150459408760071e+00     2.139763832092285e+00     1.669760465621948e+00
    8.931081891059875e-01    -6.355250477790833e-01    -6.526952385902405e-01
    1.704398691654205e-01     4.916297197341919e-01     6.838440150022507e-02
    6.382070779800415e-01    -1.357126235961914e+00     2.411194562911987e+00
   -1.530344724655151e+00     3.277218639850616e-01     2.074621438980103e+00
   -2.881986200809479e-01     1.314172387123108e+00    -1.217923760414124e+00
   -5.306760072708130e-01    -2.116634607315063e+00     1.285154581069946e+00
    1.691602945327759e+00    -1.989759802818298e-01    -3.498864471912384e-01
    9.229205846786499e-01    -2.630927801132202e+00    -6.790720224380493e-01
    2.150316238403320e+00    -3.736391663551331e-01     5.857634544372559e-01
   -2.134583711624146e+00     4.030549526214600e-01     1.907605528831482e+00
    1.470360755920410e-01     4.337083697319031e-01    -2.067189812660217e-01
    4.647736549377441e-01    -1.829454660415649e+00     8.994538187980652e-01
   -1.445443630218506e+00     1.731008738279343e-01    -1.013669252395630e+00
    6.793852448463440e-01     2.109459042549133e-01     5.906790494918823e-01
   -3.461804389953613e-01     1.450609713792801e-01     6.658531427383423e-01
    9.512462019920349e-01     2.677776813507080e+00     2.358941435813904e-01
   -7.146050930023193e-01     3.375132381916046e-01    -3.394202589988708e-01
    7.074723392724991e-02     3.282867372035980e-01    -2.477943152189255e-01
    2.571720443665981e-02    -1.040617704391479e+00    -2.999243438243866e-01
    1.441600680351257e+00     2.932353615760803e-01    -5.633140802383423e-01
   -1.667023301124573e+00     4.525392651557922e-01     1.189550042152405e+00
   -8.930896520614624e-01    -1.605095028877258e+00    -7.301126122474670e-01
   -2.098805189132690e+00     3.594694137573242e-01     7.236810326576233e-01
   -1.966651320457458e+00    -7.034696340560913e-01    -1.259142875671387e+00
   -1.369735717773438e+00     2.310306310653687e+00     3.865430951118469e-01
    2.046562582254410e-01    -4.263644516468048e-01    -1.713687628507614e-01
    6.615049242973328e-01     1.104498505592346e+00     1.393766403198242e+00
    5.640209317207336e-01    -1.815930724143982e+00    -4.912643134593964e-01
   -2.546631336212158e+00    -1.251007914543152e+00     3.938634097576141e-01
   -7.377507686614990e-01     9.678462743759155e-01     1.180197149515152e-01
   -1.502854704856873e+00     8.956497311592102e-01     6.128653287887573e-01
    1.242323517799377e+00     8.430186659097672e-02    -1.221868693828583e-01
    7.052875161170959e-01    -6.725054383277893e-01     1.022887155413628e-01
    1.111222267150879e+00    -4.142912328243256e-01     7.784170508384705e-01
   -6.101619601249695e-01    -1.189673781394958e+00    -2.362053692340851e-01
    2.177886247634888e+00    -1.564730167388916e+00    -9.075005054473877e-01
   -1.684217691421509e+00     2.767509520053864e-01    -2.343436002731323e+00
   -2.745820283889771e-01    -5.534325242042542e-01     1.313792020082474e-01
    2.707897722721100e-01    -1.398120999336243e+00    -7.935915142297745e-02
   -1.246541619300842e+00    -4.574463069438934e-01    -1.706614613533020e+00
    8.360737562179565e-01    -3.958805650472641e-02     1.780495792627335e-01
   -5.041168332099915e-01    -1.845089316368103e+00     7.496343851089478e-01
    3.760313987731934e-01     3.044188022613525e-01    -1.714058756828308e+00
    5.915135741233826e-01    -2.844435453414917e+00    -3.480376601219177e-01
    1.639645576477051e+00     7.136331796646118e-01    -3.036815822124481e-01
    8.026930689811707e-01     3.597856760025024e-01    -1.152196645736694e+00
    2.656643629074097e+00    -1.207821741700172e-01     5.335558056831360e-01
    1.365926623344421e+00     3.681589663028717e-01    -4.734866023063660e-01
   -3.078007698059082e-01    -6.211789846420288e-01     1.202010035514832e+00
   -1.682915210723877e+00    -9.253556728363037e-01    -2.051153421401978e+00
   -5.530977845191956e-01    -5.778391957283020e-01     2.623166441917419e-01
   -7.894788980484009e-01     5.320090055465698e-01     1.097395420074463e+00
   -2.118594408035278e+00    -4.302738010883331e-01    -1.106196999549866e+00
   -9.569603800773621e-01    -3.252063989639282e-01     1.778233051300049e+00
    1.004677414894104e+00     2.571745812892914e-01     1.360512018203735e+00
    1.055944442749023e+00    -2.475355625152588e+00     3.376789689064026e-01
   -1.025697231292725e+00    -1.326984047889709e+00     1.128406286239624e+00
    2.265875190496445e-01    -3.060756623744965e-01     6.899284124374390e-01
    2.614960670471191e-01     8.927107453346252e-01    -6.444066297262907e-03
    1.917892932891846e+00    -7.508329153060913e-01     1.750203728675842e+00
    1.021636128425598e+00     3.374558389186859e-01    -1.486724168062210e-01
   -5.337953194975853e-02    -5.059689283370972e-01     1.477927207946777e+00
   -1.931110978126526e+00     1.112241148948669e+00    -1.677638618275523e-03
    2.235460877418518e-01    -5.609722137451172e-01     2.286989092826843e-01
    1.426465272903442e+00     2.559786438941956e-01     1.676017165184021e+00
    6.421552896499634e-01     1.377214908599854e+00    -2.024337351322174e-01
   -1.632591724395752e+00    -4.062842130661011e-01    -4.462753534317017e-01
    1.329164028167725e+00    -2.095338344573975e+00     4.809468686580658e-01
    2.283214926719666e-01     1.439620852470398e+00    -1.007889270782471e+00
   -1.173876523971558e+00     7.504423856735229e-01     1.017156720161438e+00
    7.310475111007690e-01    -1.223719418048859e-01    -1.807056307792664e+00
    2.552050948143005e-01     2.007991790771484e+00    -1.120457172393799e+00
    2.274328708648682e+00    -6.486112475395203e-01     1.009274482727051e+00
    1.104580998420715e+00     1.311398595571518e-01    -1.042321443557739e+00
   -1.394575357437134e+00     3.091622889041901e-01    -1.840488791465759e+00
   -2.204836130142212e+00    -4.053162932395935e-01    -6.880592107772827e-01
   -1.541402578353882e+00    -7.673138380050659e-01    -5.846119523048401e-01
    1.252454161643982e+00     1.284735798835754e+00    -5.838703736662865e-02
    1.674364060163498e-01     1.388935208320618e+00     9.647423624992371e-01
   -8.630250096321106e-01    -1.180937170982361e+00     5.455417558550835e-02
   -6.317837238311768e-01    -8.441393971443176e-01    -3.800977766513824e-01
   -2.534373998641968e+00    -9.387863278388977e-01     2.369409948587418e-01
   -9.502146244049072e-01    -5.402859449386597e-01     8.564425110816956e-01
    3.829346597194672e-01     3.501581847667694e-01     7.205099463462830e-01
    1.351846098899841e+00     2.971018254756927e-01     2.084783077239990e+00
   -9.232064485549927e-01    -2.892305850982666e-01     6.707680225372314e-01
   -7.343629598617554e-01    -4.688697457313538e-01     9.886251091957092e-01
   -4.359246492385864e-01    -1.333670020103455e-01     5.725706219673157e-01
   -6.470030546188354e-01    -1.589769721031189e+00     1.141585826873779e+00
    1.025710940361023e+00     6.515576243400574e-01    -6.151272058486938e-01
    2.781280279159546e-01    -3.615908026695251e-01    -1.544205695390701e-01
    5.557007193565369e-01     1.524500846862793e+00     1.302814126014709e+00
   -1.122797250747681e+00     1.165377259254456e+00    -1.735940217971802e+00
   -4.210605025291443e-01     7.094234228134155e-01    -1.896812677383423e+00
   -3.053231537342072e-01     4.116324782371521e-01    -5.456104874610901e-01
    1.054129153490067e-01    -2.074118852615356e+00    -1.267494320869446e+00
   -1.071808561682701e-01    -3.994116932153702e-02    -3.658117055892944e-01
    4.400586336851120e-02    -4.785917699337006e-01     2.873467803001404e-01
   -1.581923961639404e-01    -3.352610468864441e-01     1.350985318422318e-01
    7.681174874305725e-01     1.488663196563721e+00    -1.210435032844543e+00
    2.950162291526794e-01     9.152713418006897e-01    -5.322026610374451e-01
   -6.414488554000854e-01    -4.959021210670471e-01     8.613163232803345e-01
   -1.948972463607788e+00     1.466006159782410e+00    -1.237708926200867e+00
    1.101675152778625e+00     2.946614921092987e-01     7.705006748437881e-02
    1.764587759971619e+00     8.770543336868286e-01    -2.838124930858612e-01
    1.036037802696228e-01     6.552405357360840e-01     2.232906818389893e+00
    2.101891994476318e+00     7.176076769828796e-01    -7.740940898656845e-02
   -8.607141375541687e-01    -1.577320396900177e-01    -2.620711803436279e+00
    3.895584642887115e-01     1.245523691177368e+00     1.302918195724487e+00
    9.185261726379395e-01     3.075131773948669e-01     1.003476142883301e+00
   -7.232826948165894e-01     1.687137842178345e+00     2.133063077926636e+00
    3.510734438896179e-01     2.285567760467529e+00     7.703528404235840e-01
    2.294352948665619e-01    -1.968336105346680e+00    -9.157008528709412e-01
    1.296075940132141e+00     1.090179905295372e-01    -1.345197200775146e+00
    2.459131926298141e-02     7.305887341499329e-01     1.909243583679199e+00
    2.649618387222290e-01    -4.527705609798431e-01     2.543980777263641e-01
    1.130170345306396e+00    -4.570349305868149e-02     6.122046113014221e-01
    5.351261496543884e-01     3.693321943283081e-01    -2.113552987575531e-01
    1.409071534872055e-01    -3.022266924381256e-01     1.557518839836121e-01
   -1.648165583610535e-01     2.787056863307953e-01    -2.433288097381592e+00
    1.697234511375427e-01     2.353202342987061e+00     1.722971200942993e+00
    1.652792930603027e+00     6.423391699790955e-01    -4.730508923530579e-01
    1.403237134218216e-01     2.839427888393402e-01     3.306800425052643e-01
    4.216314554214478e-01    -6.837088465690613e-01     7.045090198516846e-01
   -2.305747270584106e+00     4.983688294887543e-01     3.120617568492889e-01
   -1.941263556480408e+00    -1.884144663810730e+00     1.075604081153870e+00
    9.681113362312317e-01     1.039619967341423e-01    -1.119329094886780e+00
    7.114664912223816e-01     1.600368857383728e+00     8.435721509158611e-03
    6.893402934074402e-01     3.826414048671722e-01    -6.770194768905640e-01
    2.996453046798706e-01    -2.007249116897583e+00     1.257908105850220e+00
   -2.819734334945679e+00    -2.907690107822418e-01     9.707671403884888e-01
    3.161546289920807e-01     2.387121468782425e-01     8.278490304946899e-01
   -7.722962647676468e-02     8.474235534667969e-01     8.244662880897522e-01
    3.447531461715698e-01     1.835049390792847e-01    -3.212785422801971e-01
    3.104392290115356e-01    -2.841702699661255e+00     7.378390431404114e-01
    5.740516185760498e-01     5.813981890678406e-01     4.744358956813812e-01
   -7.699367403984070e-01    -1.740930557250977e+00    -5.091967582702637e-01
   -4.781951010227203e-01     2.550220489501953e-01     4.227487146854401e-01
    6.846953034400940e-01     1.307781457901001e+00    -9.624137878417969e-01
   -3.869819343090057e-01    -3.011589050292969e-01    -5.559581890702248e-02
   -2.435006618499756e+00     3.478729426860809e-01     9.417832642793655e-02
   -1.530945777893066e+00    -1.567292928695679e+00    -1.764788746833801e+00
   -1.534425735473633e+00    -1.873259186744690e+00     1.524956464767456e+00
   -1.544265002012253e-01    -1.132385611534119e+00     1.058365941047668e+00
   -1.051395773887634e+00     1.515969753265381e+00    -3.346253633499146e-01
    9.136375784873962e-02     6.817823648452759e-01    -6.382729411125183e-01
   -1.794450432062149e-01    -3.139424324035645e-01    -1.204880699515343e-02
    2.530077695846558e-01    -2.592571973800659e-01    -5.537185072898865e-01
    1.017685413360596e+00     3.866144120693207e-01     1.231388568878174e+00
   -3.435022532939911e-01    -2.297140836715698e+00     1.239518165588379e+00
   -1.907629489898682e+00    -9.942414164543152e-01     1.555613875389099e-01
   -7.005329728126526e-01    -2.739384174346924e-01    -1.173027396202087e+00
    1.941174387931824e+00    -1.594465374946594e+00    -4.199391007423401e-01
   -1.920771956443787e+00     1.940617561340332e-01    -2.098246663808823e-01
    1.359987378120422e+00     1.550576567649841e+00     1.207405805587769e+00
    8.152090758085251e-02    -2.085136651992798e+00    -1.724205613136292e+00
   -2.086785793304443e+00    -1.696649044752121e-01     8.890878558158875e-01
    9.626019597053528e-01    -3.234691545367241e-02    -4.591325521469116e-01
    2.515715599060059e+00    -1.158062458038330e+00     5.640912055969238e-02
    6.592386364936829e-01     4.988966286182404e-01     2.202544450759888e+00
   -1.250312011688948e-02     1.075400471687317e+00    -1.424785256385803e+00
    9.627005457878113e-01     1.869870275259018e-01    -4.930953383445740e-01
    1.307214379310608e+00     5.898213982582092e-01    -3.214072883129120e-01
   -1.766482114791870e+00     1.947355121374130e-01     1.503399372100830e+00
   -1.552977800369263e+00     5.664722323417664e-01     1.740826129913330e+00
    1.949278831481934e+00    -9.647820591926575e-01    -1.771511316299438e+00
   -1.729007959365845e+00     2.177358567714691e-01     1.314750194549561e+00
   -4.597190618515015e-01     9.948971867561340e-01    -8.300948888063431e-02
   -1.322097778320312e-01    -3.045329451560974e-01     2.816473841667175e-01
   -1.321964412927628e-01     2.465861150994897e-03     1.688144683837891e+00
   -4.894216954708099e-01     1.734847545623779e+00     4.796414077281952e-01
    3.455074727535248e-01    -1.294407695531845e-01     3.565031886100769e-01
   -4.218577742576599e-01    -7.546343207359314e-01     2.486836910247803e+00
    1.271248579025269e+00    -7.599017620086670e-01     1.304365754127502e+00
    6.231186985969543e-01     5.040645003318787e-01     2.069999426603317e-01
   -6.859700083732605e-01     8.272625803947449e-01    -1.498689889907837e+00
    7.524642944335938e-01     8.273317664861679e-02     9.054398536682129e-01
    9.935976862907410e-01     3.438435494899750e-01     5.295052528381348e-01
    7.345155477523804e-01     5.232651233673096e-01     5.300450325012207e-01
   -1.230656743049622e+00     8.399947881698608e-01     5.899500250816345e-01
    2.097139656543732e-01    -6.564229726791382e-02     4.368343055248260e-01
    1.260194420814514e+00    -1.859270691871643e+00     2.434119284152985e-01
    6.043049097061157e-01    -1.255705237388611e+00    -1.527305960655212e+00
    1.409690022468567e+00    -3.089981079101562e-01    -4.868563711643219e-01
    1.496446430683136e-01     6.314867734909058e-01    -4.183007478713989e-01
    6.813026964664459e-02     2.890329062938690e-01     2.697566449642181e-01
    5.865855813026428e-01    -1.068719387054443e+00     1.770293712615967e-02
   -1.723569333553314e-01    -5.350447446107864e-02     5.298600196838379e-01
   -9.545792341232300e-01     1.196083784103394e+00     2.162000656127930e+00
   -1.152808427810669e+00    -1.314781188964844e+00    -1.368829607963562e+00
    5.987821221351624e-01     6.067666411399841e-01    -6.260135173797607e-01
   -2.759087681770325e-01    -3.931958973407745e-01    -1.831166148185730e-01
   -1.632833719253540e+00    -1.652121663093567e+00     7.766088843345642e-01
   -4.281728565692902e-01     7.065991759300232e-01     2.782208919525146e-01
    1.676228165626526e+00     1.608391255140305e-01    -1.089252710342407e+00
    1.773334294557571e-01    -5.998741388320923e-01    -1.076206684112549e+00
   -1.476701378822327e+00     7.019748687744141e-01     7.561843395233154e-01
   -2.487044811248779e+00    -5.371239185333252e-01     6.222368478775024e-01
   -2.510701417922974e-01     2.595452666282654e-01    -8.743957281112671e-01
   -1.198571085929871e+00    -4.906142652034760e-01     1.607867956161499e+00
   -1.381032824516296e+00     4.802116751670837e-01    -2.101669073104858e+00
   -3.230994343757629e-01    -1.408300280570984e+00    -4.587974250316620e-01
    6.700848788022995e-02    -3.257676362991333e-01     2.042400389909744e-01
    4.249795377254486e-01    -1.337571859359741e+00    -8.128117322921753e-01
   -4.313267767429352e-01     2.609296143054962e-01    -1.461494684219360e+00
   -5.797388803330250e-05    -4.520697295665741e-01    -3.722840547561646e-02
   -6.624962687492371e-01     2.647993564605713e-01    -3.334893584251404e-01
    7.003064751625061e-01    -5.649067163467407e-01     2.003940045833588e-01
   -4.257814586162567e-01    -1.497157454490662e+00     2.558772325515747e+00
    3.771042227745056e-01    -2.765366435050964e-02     1.439747571945190e+00
   -1.455420136451721e+00    -4.010168910026550e-01     3.121203556656837e-02
    1.565457105636597e+00    -4.707290232181549e-01    -6.350170373916626e-01
    3.270849287509918e-01    -6.807416677474976e-02     1.560687541961670e+00
   -2.411569595336914e+00    -1.616623401641846e+00    -7.081207036972046e-01
    2.037285715341568e-01     7.530488967895508e-01     5.455201268196106e-01
   -3.242215812206268e-01     1.428475022315979e+00    -1.096800565719604e-01
   -1.727371811866760e+00     2.581860125064850e-01     9.507300853729248e-01
    1.201227545738220e+00    -1.508630752563477e+00    -4.446459114551544e-01
   -2.157014369964600e+00    -1.086412668228149e+00     1.204367801547050e-01
   -7.302445173263550e-01    -1.973044276237488e+00    -3.935970067977905e-01
   -1.717297554016113e+00    -1.916748285293579e+00    -1.305848836898804e+00
    1.056297898292542e+00    -1.823868274688721e+00     3.271170556545258e-01
   -5.456981658935547e-01    -2.972490191459656e-01     4.896844178438187e-02
    7.680588960647583e-02    -1.257212758064270e+00    -1.136399269104004e+00
   -1.713001012802124e+00    -2.401196002960205e+00    -1.544472277164459e-01
   -1.186918616294861e+00     6.629490256309509e-01    -3.320177495479584e-01
    5.515919625759125e-02     7.947013974189758e-01    -3.388541638851166e-01
   -3.004061877727509e-01    -6.691825389862061e-01    -1.683070182800293e+00
    1.223641857504845e-01     3.967750072479248e-01     1.920079946517944e+00
    8.915913701057434e-01     1.828137755393982e+00     1.277824401855469e+00
   -1.173551917076111e+00    -1.494837760925293e+00     2.813185453414917e-01
    1.826149344444275e+00    -5.083172917366028e-01    -2.380341738462448e-01
    2.915194630622864e-01     3.189038336277008e-01    -3.640073835849762e-01
   -2.958090901374817e-01    -9.872201085090637e-02     4.935081899166107e-01
   -1.125559091567993e+00     3.348383307456970e-01    -1.216889247298241e-01
   -5.457609891891479e-02    -4.208725690841675e-01     3.675700724124908e-01
    9.306660294532776e-01     5.954666137695312e-01    -5.512190461158752e-01
   -1.067597627639771e+00    -1.038177847862244e+00    -2.073844671249390e+00
   -1.812932729721069e+00    -7.170479893684387e-01     1.036176756024361e-01
   -2.229916095733643e+00     7.713542580604553e-01     1.569430112838745e+00
   -8.488976955413818e-02     3.371562957763672e-01    -1.911181926727295e+00
    1.869082301855087e-01    -8.871732652187347e-02     2.158074617385864e+00
    4.969466850161552e-02     4.077469110488892e-01     1.746595799922943e-01
   -9.378043413162231e-01     7.179967761039734e-01    -8.754510283470154e-01
   -1.118990778923035e+00     1.387965083122253e-01    -4.984325170516968e-01
   -1.143297314643860e+00     1.355312168598175e-01     1.564350366592407e+00
    1.119655251502991e+00     1.740518510341644e-01     1.897497057914734e+00
    5.663530230522156e-01     6.785627007484436e-01    -5.621257424354553e-01
    1.103375077247620e+00     6.488875150680542e-01     7.283261418342590e-01
   -8.958923816680908e-01    -7.169933915138245e-01    -4.251061379909515e-01
    1.204806923866272e+00    -1.652770519256592e+00     1.238014340400696e+00
    8.914960622787476e-01    -7.085862755775452e-01     1.122014999389648e+00
   -9.365578293800354e-01    -5.828490946441889e-03    -1.260611534118652e+00
    1.992044150829315e-01     1.342152476310730e+00    -2.024109363555908e+00
   -1.097246110439301e-01     3.137455284595490e-01     1.005016088485718e+00
    1.045796394348145e+00     1.784305214881897e+00     1.454929947853088e+00
    7.005203962326050e-01    -2.595925629138947e-01     1.046146512031555e+00
    1.283314347267151e+00    -2.479925006628036e-01     2.109207630157471e+00
   -9.669789671897888e-01     1.206197023391724e+00     2.808000445365906e-01
    3.666089847683907e-02    -2.122583091259003e-01     7.600616663694382e-02
    1.254599094390869e+00    -1.763104051351547e-01     4.921508729457855e-01
   -3.804311454296112e-01     2.470113039016724e+00    -1.310370445251465e+00
   -1.487756371498108e+00     6.145707964897156e-01    -2.430412918329239e-01
   -2.121424973011017e-01     1.161506414413452e+00     8.124211430549622e-01
   -1.216193079948425e+00     1.976383209228516e+00    -6.753051877021790e-01
   -2.780852317810059e-01     1.077146649360657e+00    -2.259049654006958e+00
    1.064804196357727e+00     3.865432739257812e-01    -1.009654924273491e-01
    2.737028002738953e-01    -4.921740889549255e-01    -6.676147580146790e-01
    2.499034166336060e+00     1.390055775642395e+00    -6.292291879653931e-01
    5.112437605857849e-01    -1.438864111900330e+00     1.060268640518188e+00
    1.203842163085938e+00    -5.056506395339966e-01    -3.467060029506683e-01
    1.258342981338501e+00     2.022692263126373e-01    -1.205034852027893e+00
   -1.661188483238220e+00     1.982740044593811e+00    -6.654290556907654e-01
   -6.420665234327316e-02    -2.066622525453568e-01    -2.327368855476379e-01
    2.190841197967529e+00     2.621083557605743e-01    -1.678900361061096e+00
    1.761733889579773e-01     3.952441513538361e-01     1.248659849166870e+00
    1.741947829723358e-01     1.876597553491592e-01    -1.169624209403992e+00
    2.592522501945496e-01    -2.125287771224976e+00    -1.407268166542053e+00
   -5.006077885627747e-01    -1.104028522968292e-01    -4.273773729801178e-01
    8.525335192680359e-01     2.897128164768219e-01    -2.834705412387848e-01
    1.673972420394421e-02     7.435064762830734e-02     1.435124278068542e+00
   -5.836723446846008e-01    -1.622434407472610e-01    -2.864103615283966e-01
    1.469812691211700e-01    -2.825036346912384e-01    -1.796237975358963e-01
    4.132905900478363e-01     1.212838813662529e-01    -7.855441570281982e-01
   -9.189028739929199e-01    -3.381720185279846e-02     8.333454132080078e-01
   -1.236697286367416e-01     5.885534882545471e-01     2.022036314010620e+00
   -1.295428514480591e+00    -2.137823104858398e+00    -4.441994130611420e-01
    2.141118049621582e-01     1.731560975313187e-01     4.481219351291656e-01
   -1.828398406505585e-01    -2.601474523544312e+00    -1.446474194526672e+00
    1.333654642105103e+00     3.379033505916595e-01     1.758025884628296e-01
   -1.317979693412781e+00     1.592927098274231e+00    -6.950001716613770e-01
   -1.098576337099075e-01     9.720043540000916e-01     1.005877971649170e+00
   -1.134206652641296e+00    -1.087706446647644e+00     4.710769057273865e-01
   -1.097909092903137e+00     6.172825098037720e-01     1.625481605529785e+00
   -1.431722283363342e+00    -7.555594444274902e-01     1.037062644958496e+00
   -9.342844486236572e-01     1.684100389480591e+00    -4.288586080074310e-01
   -1.852869391441345e+00     2.411016449332237e-02     2.233925759792328e-01
    1.508989691734314e+00     1.170782446861267e+00    -2.081000566482544e+00
   -5.926617980003357e-01    -2.042827904224396e-01    -8.040200471878052e-01
   -5.585351586341858e-01     6.165411472320557e-01    -5.211427435278893e-02
   -5.895832777023315e-01     6.301832199096680e-02     1.098079442977905e+00
    1.451827764511108e+00     3.822908550500870e-02     8.821488022804260e-01
   -9.982870817184448e-01     7.170641422271729e-01     1.518251895904541e+00
    2.379606068134308e-01    -2.638785362243652e+00     1.541517674922943e-01
   -3.414729535579681e-01     1.166635632514954e+00    -1.254347443580627e+00
    4.615436792373657e-01    -3.504727780818939e-01    -4.072679877281189e-01
    2.308072328567505e+00     7.281832098960876e-01    -9.149895310401917e-01
   -3.887881934642792e-01     2.246613949537277e-01     1.626636862754822e+00
   -5.751550793647766e-01     5.542803406715393e-01    -1.335529327392578e+00
   -1.290571093559265e-01     4.108355343341827e-01    -5.191292762756348e-01
   -1.712204098701477e+00     1.802111148834229e+00     1.407334327697754e+00
   -1.645988345146179e+00    -1.191257596015930e+00    -1.854981660842896e+00
    5.625759065151215e-02     1.789983391761780e+00     1.822080373764038e+00
    1.596249222755432e+00     5.540406703948975e-01    -5.884782075881958e-01
    1.097280859947205e+00    -2.894997000694275e-01     9.988722801208496e-01
    9.925062656402588e-01    -1.054421544075012e+00     1.108511209487915e+00
   -1.983794569969177e+00     1.047735691070557e+00     1.496522545814514e+00
    1.711614012718201e+00    -1.765723228454590e+00    -1.069813489913940e+00
   -9.286580681800842e-01     1.301411986351013e+00     1.496466040611267e+00
   -1.760871857404709e-01     1.617778092622757e-01    -3.347585499286652e-01
    9.956014156341553e-01    -9.763651490211487e-01     2.566536366939545e-01
    1.840894579887390e+00     1.021896958351135e+00    -7.727003693580627e-01
   -3.218153119087219e-01    -5.665730237960815e-01    -4.793839156627655e-01
   -1.188894987106323e+00     2.284254074096680e+00     4.200839996337891e-01
    1.013634633272886e-02     4.082549214363098e-01     6.503980606794357e-02
    1.237488031387329e+00    -3.526440858840942e-01     7.947204113006592e-01
    1.519667744636536e+00     1.001975774765015e+00     1.770300149917603e+00
   -1.858360886573792e+00     1.644270658493042e+00     8.781017065048218e-01
   -1.745623946189880e+00     5.638298392295837e-01    -7.507357001304626e-01
   -3.251874446868896e-01    -3.806644678115845e-01    -5.531582832336426e-01
    3.888792395591736e-01     1.913197755813599e+00    -1.025687336921692e+00
   -1.232472658157349e+00    -1.389405608177185e+00     2.343877315521240e+00
   -1.924464106559753e+00     2.033007621765137e+00     6.564238071441650e-01
   -2.511116504669189e+00     1.266668200492859e+00     2.357379943132401e-01
    2.201522350311279e+00     3.184404224157333e-02     1.269619226455688e+00
    6.196604967117310e-01     1.145612001419067e+00     8.968323469161987e-01
    2.190800428390503e+00    -1.926318526268005e+00     6.338063478469849e-01
   -2.097989082336426e+00    -9.791529774665833e-01     1.055129617452621e-01
   -1.004540920257568e+00    -1.503526329994202e+00     1.326466441154480e+00
   -2.093655169010162e-01    -1.040905863046646e-01     2.926585674285889e-01
    1.590536236763000e-01    -3.950459361076355e-01     5.233827233314514e-01
    2.579772770404816e-01     8.064982295036316e-01    -1.170598030090332e+00
    1.313694596290588e+00     8.107754588127136e-01    -4.335080981254578e-01
    1.067285537719727e+00     7.180643081665039e-02     1.975101828575134e+00
   -2.228112816810608e-01    -1.902146697044373e+00    -1.695243120193481e+00
    9.349620342254639e-02     1.711609721183777e+00     1.953737378120422e+00
    1.656161308288574e+00    -6.357670575380325e-02    -4.047116637229919e-01
    7.491007447242737e-01    -1.116424679756165e+00     1.047253131866455e+00
    9.463212639093399e-02    -6.111133098602295e-01    -2.031801640987396e-01
   -1.512130379676819e+00     2.013180732727051e+00     4.279386997222900e-01
   -1.304910540580750e+00     2.350059986114502e+00     3.193797543644905e-02
   -1.895869672298431e-01    -2.761012315750122e-01    -6.543966382741928e-02
    8.831819146871567e-02     1.129656434059143e+00    -1.227698683738708e+00
    2.684643507003784e+00    -5.238615870475769e-01     5.943359136581421e-01
    3.961317241191864e-01     1.129243969917297e+00    -7.453406453132629e-01
   -4.989130888134241e-03    -2.722855091094971e+00     4.399211704730988e-01
    2.636039257049561e-01    -3.836157023906708e-01    -1.002590432763100e-01
   -3.081123232841492e-01     7.134846597909927e-02     4.405437707901001e-01
