    1.000000000000000e+00     6.382024288177490e-01    -8.844749927520752e-01
    1.000000000000000e+00     6.888865828514099e-01     9.318776130676270e-01
    1.000000000000000e+00     4.705651104450226e-01    -2.033459395170212e-01
    1.000000000000000e+00     3.468708693981171e-01    -3.847875893115997e-01
    1.000000000000000e+00     4.348276555538177e-01    -3.919712305068970e-01
    1.000000000000000e+00     7.030476331710815e-01     4.027861058712006e-01
    1.000000000000000e+00     6.113826036453247e-01     7.313485145568848e-01
    9.931584596633911e-01     1.000000000000000e+00    -9.236704558134079e-02
    1.000000000000000e+00     3.344290852546692e-01    -2.121837139129639e-01
    1.000000000000000e+00     9.343886971473694e-01     5.686681270599365e-01
    1.000000000000000e+00     4.055553376674652e-01    -9.111557602882385e-01
    1.000000000000000e+00     8.883660435676575e-01     4.790331423282623e-01
    1.000000000000000e+00     3.678501844406128e-01    -3.109614551067352e-01
    1.000000000000000e+00     3.483759760856628e-01     2.110578715801239e-01
    1.000000000000000e+00     3.995036780834198e-01    -6.647438406944275e-01
    1.000000000000000e+00     6.327399611473083e-01    -6.008415818214417e-01
    5.719323754310608e-01     1.000000000000000e+00     7.452810555696487e-02
    1.000000000000000e+00     7.184683084487915e-01    -1.482152044773102e-01
    1.000000000000000e+00     3.747428655624390e-01     7.895347476005554e-02
    1.000000000000000e+00     3.755790293216705e-01    -4.293300583958626e-02
    1.000000000000000e+00     6.846117973327637e-01     6.332973241806030e-01
    1.000000000000000e+00     7.799485325813293e-01     7.258492112159729e-01
    1.000000000000000e+00     4.768122732639313e-01     3.036252222955227e-02
    1.000000000000000e+00     5.323426127433777e-01    -2.756995558738708e-01
    5.216534137725830e-01     1.000000000000000e+00    -7.117382884025574e-01
    1.000000000000000e+00     3.644694387912750e-01     2.612723410129547e-02
    1.000000000000000e+00     4.436735212802887e-01     4.104053974151611e-01
    6.942571997642517e-01     1.000000000000000e+00     9.011933207511902e-01
    1.000000000000000e+00     3.454162776470184e-01     4.957186281681061e-01
    1.000000000000000e+00     5.313347578048706e-01    -7.386295795440674e-01
    1.000000000000000e+00     7.256073951721191e-01    -3.457739949226379e-02
    5.399235486984253e-01     1.000000000000000e+00    -1.785808205604553e-01
    1.000000000000000e+00     5.346210002899170e-01    -7.730799317359924e-01
    1.000000000000000e+00     6.759184002876282e-01    -2.831175029277802e-01
    1.000000000000000e+00     4.050425291061401e-01    -8.029354810714722e-01
    1.000000000000000e+00     4.700565338134766e-01     5.342915654182434e-01
    1.000000000000000e+00     5.693596005439758e-01     3.507872819900513e-01
    1.000000000000000e+00     4.099161624908447e-01    -4.762121140956879e-01
    1.000000000000000e+00     4.229848980903625e-01     8.867668509483337e-01
    1.000000000000000e+00     7.780665159225464e-01     2.786516584455967e-02
    1.000000000000000e+00     6.320853829383850e-01    -7.125598192214966e-01
    1.000000000000000e+00     3.733104467391968e-01    -5.138866305351257e-01
    1.000000000000000e+00     4.665396213531494e-01    -7.077897191047668e-01
    1.000000000000000e+00     4.900869131088257e-01    -3.260072469711304e-01
    1.000000000000000e+00     4.386207163333893e-01     7.044570054858923e-03
    1.000000000000000e+00     5.269200801849365e-01    -6.429239511489868e-01
    1.000000000000000e+00     6.986155509948730e-01    -6.081533432006836e-01
    7.098225951194763e-01     1.000000000000000e+00     2.728795707225800e-01
    6.284649372100830e-01     1.000000000000000e+00    -3.161726891994476e-01
    1.000000000000000e+00     4.372696578502655e-01    -6.740117669105530e-01
    1.000000000000000e+00     5.969098210334778e-01    -2.794384360313416e-01
    1.000000000000000e+00     3.684073984622955e-01    -4.283289015293121e-01
    1.000000000000000e+00     4.219145178794861e-01     2.010090500116348e-01
    1.000000000000000e+00     3.336703181266785e-01    -1.078414358198643e-02
    6.978111863136292e-01     1.000000000000000e+00    -8.227375149726868e-01
    1.000000000000000e+00     4.408204257488251e-01    -1.415259093046188e-01
    4.186719655990601e-01     1.000000000000000e+00    -1.517604589462280e-01
    1.000000000000000e+00     7.417685985565186e-01     6.188125610351562e-01
    1.000000000000000e+00     4.528185725212097e-01    -2.453468553721905e-02
    1.000000000000000e+00     3.911779224872589e-01     2.092935442924500e-01
    1.000000000000000e+00     7.009817957878113e-01    -5.356850624084473e-01
    7.428326010704041e-01     1.000000000000000e+00     5.324184298515320e-01
    1.000000000000000e+00     4.325276315212250e-01    -7.494757771492004e-01
    1.000000000000000e+00     6.224926114082336e-01     7.292793691158295e-02
    1.000000000000000e+00     4.002756774425507e-01     1.897022128105164e-01
    1.000000000000000e+00     3.619597256183624e-01     5.371689423918724e-02
    1.000000000000000e+00     3.519510626792908e-01    -6.467078328132629e-01
    3.682244122028351e-01     1.000000000000000e+00    -1.075258255004883e-01
    1.000000000000000e+00     9.938032627105713e-01     9.221699833869934e-01
    1.000000000000000e+00     4.220029711723328e-01     6.486007571220398e-01
    1.000000000000000e+00     6.391313672065735e-01    -5.299436300992966e-02
    1.000000000000000e+00     4.119663834571838e-01    -7.326192855834961e-01
    1.000000000000000e+00     4.521293044090271e-01    -5.912071466445923e-01
    1.000000000000000e+00     6.375443935394287e-01    -3.326663002371788e-02
    5.440157651901245e-01     1.000000000000000e+00    -6.733561158180237e-01
    7.770202755928040e-01     1.000000000000000e+00     8.207060098648071e-01
    1.000000000000000e+00     3.444482386112213e-01     7.625282406806946e-01
    1.000000000000000e+00     3.659584522247314e-01     2.828619182109833e-01
    6.132938265800476e-01     1.000000000000000e+00     4.190271496772766e-01
    1.000000000000000e+00     7.019541859626770e-01     6.818673610687256e-01
    1.000000000000000e+00     3.761792778968811e-01     2.473384439945221e-01
    1.000000000000000e+00     7.400197386741638e-01    -5.420143008232117e-01
    1.000000000000000e+00     7.590348720550537e-01     1.318835765123367e-01
    1.000000000000000e+00     8.445295095443726e-01    -7.221279740333557e-01
    1.000000000000000e+00     6.299766898155212e-01    -4.693380594253540e-01
    1.000000000000000e+00     4.948627054691315e-01     3.018094599246979e-01
    1.000000000000000e+00     3.528708815574646e-01    -1.814787983894348e-01
    1.000000000000000e+00     4.646929204463959e-01     4.459557533264160e-01
    1.000000000000000e+00     5.536166429519653e-01    -1.324394531548023e-02
    5.612537860870361e-01     1.000000000000000e+00     5.714414715766907e-01
    1.000000000000000e+00     9.437747597694397e-01     3.101478517055511e-01
    9.308255314826965e-01     1.000000000000000e+00    -3.065941110253334e-02
    1.000000000000000e+00     6.471535563468933e-01    -2.506495714187622e-01
    1.000000000000000e+00     3.387686610221863e-01     9.678008407354355e-02
    1.000000000000000e+00     4.081151187419891e-01    -1.827956885099411e-01
    1.000000000000000e+00     5.805714130401611e-01    -6.817565560340881e-01
    1.000000000000000e+00     3.571864366531372e-01    -9.855231046676636e-01
    1.000000000000000e+00     9.166191816329956e-01    -3.016200661659241e-01
    1.000000000000000e+00     8.526468873023987e-01     1.452376693487167e-01
    1.000000000000000e+00     3.476479947566986e-01    -3.809022307395935e-01
    1.000000000000000e+00     5.275683999061584e-01     1.788998208940029e-02
    1.000000000000000e+00     5.553802847862244e-01    -1.564682722091675e-01
    8.326907157897949e-01     1.000000000000000e+00    -5.152604579925537e-01
    1.000000000000000e+00     3.907581269741058e-01     9.938154220581055e-01
    1.000000000000000e+00     4.538415372371674e-01    -4.717435538768768e-01
    1.000000000000000e+00     7.105683684349060e-01     2.753575146198273e-01
    1.000000000000000e+00     6.101467609405518e-01     5.154472589492798e-01
    1.000000000000000e+00     3.851030468940735e-01    -4.429770708084106e-01
    1.000000000000000e+00     5.306279659271240e-01     7.792707085609436e-01
    1.000000000000000e+00     3.713626265525818e-01    -1.426008194684982e-01
    1.000000000000000e+00     5.376515984535217e-01    -2.554110288619995e-01
    4.844869971275330e-01     1.000000000000000e+00    -6.723688244819641e-01
    5.309059023857117e-01     1.000000000000000e+00     1.002114787697792e-01
    1.000000000000000e+00     7.819011211395264e-01    -7.415273189544678e-01
    4.341427683830261e-01     1.000000000000000e+00    -6.068467497825623e-01
    6.671154499053955e-01     1.000000000000000e+00    -7.062523066997528e-02
    9.719403982162476e-01     1.000000000000000e+00     2.610436081886292e-01
    1.000000000000000e+00     4.364145994186401e-01     7.441740036010742e-01
    1.000000000000000e+00     3.788413405418396e-01    -6.628116369247437e-01
    3.674284815788269e-01     1.000000000000000e+00     8.454185724258423e-02
    1.000000000000000e+00     6.517481207847595e-01    -4.312903061509132e-02
    1.000000000000000e+00     3.705615699291229e-01    -9.982753396034241e-01
    1.000000000000000e+00     8.754859566688538e-01    -5.956842899322510e-01
    1.000000000000000e+00     4.328956305980682e-01    -6.168480515480042e-01
    1.000000000000000e+00     8.612048625946045e-01    -9.942048192024231e-01
    9.618380665779114e-01     1.000000000000000e+00    -7.050660252571106e-01
    1.000000000000000e+00     9.580464959144592e-01     6.905364394187927e-01
    1.000000000000000e+00     3.527639806270599e-01     8.004918098449707e-01
    5.940871834754944e-01     1.000000000000000e+00     3.560216352343559e-02
    1.000000000000000e+00     4.135505855083466e-01    -2.892006635665894e-01
    1.000000000000000e+00     6.907265186309814e-01     2.801443636417389e-01
    3.481535911560059e-01     1.000000000000000e+00     8.526552468538284e-02
    8.259059786796570e-01     1.000000000000000e+00    -8.327739238739014e-01
    1.000000000000000e+00     9.905173182487488e-01     2.347626835107803e-01
    1.000000000000000e+00     3.423813879489899e-01     1.676072776317596e-01
    1.000000000000000e+00     5.699750781059265e-01    -1.628221273422241e-01
    1.000000000000000e+00     6.027684807777405e-01    -9.699193760752678e-03
    1.000000000000000e+00     6.006626486778259e-01     1.409397572278976e-01
    1.000000000000000e+00     4.840497970581055e-01    -6.060717701911926e-01
    1.000000000000000e+00     5.879366993904114e-01    -6.733096241950989e-01
    1.000000000000000e+00     3.677154779434204e-01    -1.160745173692703e-01
    1.000000000000000e+00     9.731230735778809e-01     9.426137059926987e-02
    1.000000000000000e+00     4.270950853824615e-01     7.270274162292480e-01
    1.000000000000000e+00     5.353240370750427e-01     8.049939274787903e-01
    1.000000000000000e+00     4.496386945247650e-01    -8.615937829017639e-02
    1.000000000000000e+00     4.515453577041626e-01     2.325973846018314e-02
    1.000000000000000e+00     8.348500132560730e-01    -5.594819188117981e-01
    8.458569645881653e-01     1.000000000000000e+00    -5.446636080741882e-01
    1.000000000000000e+00     5.223191976547241e-01     3.759174346923828e-01
    1.000000000000000e+00     7.189604043960571e-01    -8.106395602226257e-01
    1.000000000000000e+00     5.149297118186951e-01    -5.460181236267090e-01
    1.000000000000000e+00     3.802716135978699e-01     7.730830311775208e-01
    1.000000000000000e+00     6.001021862030029e-01     4.718679189682007e-01
    1.000000000000000e+00     4.651382863521576e-01    -9.374583512544632e-02
    1.000000000000000e+00     4.075012505054474e-01     1.131638064980507e-01
    1.000000000000000e+00     3.476011753082275e-01    -9.833356738090515e-02
    3.866507709026337e-01     1.000000000000000e+00    -7.775822877883911e-01
    1.000000000000000e+00     3.911686241626740e-01     5.644016265869141e-01
    1.000000000000000e+00     8.211959004402161e-01    -2.989911735057831e-01
    4.774403870105743e-01     1.000000000000000e+00     4.929995834827423e-01
    1.000000000000000e+00     7.477067708969116e-01     7.708386182785034e-01
    1.000000000000000e+00     7.505787014961243e-01    -3.357787132263184e-01
    1.000000000000000e+00     4.205358624458313e-01     7.273252606391907e-01
    1.000000000000000e+00     8.021760582923889e-01     7.742235660552979e-01
    1.000000000000000e+00     3.509826958179474e-01    -9.646700620651245e-01
    8.814927339553833e-01     1.000000000000000e+00     9.711085557937622e-01
    1.000000000000000e+00     3.432829380035400e-01     2.952780388295650e-02
    1.000000000000000e+00     3.869037628173828e-01    -4.111784100532532e-01
    1.000000000000000e+00     3.580309152603149e-01    -1.552452743053436e-01
    1.000000000000000e+00     6.050347089767456e-01     4.315595924854279e-01
    6.457473039627075e-01     1.000000000000000e+00    -7.054092884063721e-01
    1.000000000000000e+00     5.858152508735657e-01    -9.997934699058533e-01
    1.000000000000000e+00     5.863140225410461e-01     8.851425647735596e-01
    9.716531634330750e-01     1.000000000000000e+00    -2.150498032569885e-01
    1.000000000000000e+00     6.756963133811951e-01    -2.408137321472168e-01
    1.000000000000000e+00     4.946201145648956e-01     5.134903788566589e-01
    1.000000000000000e+00     5.779863595962524e-01    -3.352484405040741e-01
    5.103354454040527e-01     1.000000000000000e+00     3.792701959609985e-01
    1.000000000000000e+00     4.361371994018555e-01    -9.197953343391418e-01
    1.000000000000000e+00     9.283980131149292e-01    -1.827932745218277e-01
    5.654951930046082e-01     1.000000000000000e+00     6.980401873588562e-01
    1.000000000000000e+00     5.630726814270020e-01     1.240255013108253e-01
    4.465607404708862e-01     1.000000000000000e+00    -5.429502725601196e-01
    5.463815927505493e-01     1.000000000000000e+00     5.956902503967285e-01
    1.000000000000000e+00     4.960393011569977e-01    -3.007850646972656e-01
    1.000000000000000e+00     5.954272150993347e-01    -9.696867465972900e-01
    1.000000000000000e+00     8.840702176094055e-01    -3.985137939453125e-01
    1.000000000000000e+00     6.713078022003174e-01    -1.680363565683365e-01
    1.000000000000000e+00     3.352258503437042e-01     3.371112346649170e-01
    1.000000000000000e+00     4.378075897693634e-01    -3.624106049537659e-01
    1.000000000000000e+00     8.308634161949158e-01    -2.548790872097015e-01
    1.000000000000000e+00     3.455512225627899e-01    -2.644096612930298e-01
    1.000000000000000e+00     9.635343551635742e-01     6.144639849662781e-01
    1.000000000000000e+00     3.470897674560547e-01     1.550557613372803e-01
    7.717475295066833e-01     1.000000000000000e+00    -6.771560907363892e-01
    1.000000000000000e+00     4.179940521717072e-01     2.916913330554962e-01
    1.000000000000000e+00     4.698600172996521e-01     2.283214479684830e-01
    1.000000000000000e+00     6.790000796318054e-01     2.015317082405090e-01
    1.000000000000000e+00     9.585745930671692e-01     1.997710205614567e-02
    5.927842259407043e-01     1.000000000000000e+00     2.008656561374664e-01
    1.000000000000000e+00     3.657123148441315e-01     5.312495231628418e-01
    1.000000000000000e+00     3.343041837215424e-01     5.985057950019836e-01
    1.000000000000000e+00     3.419921100139618e-01     5.095818638801575e-01
    1.000000000000000e+00     6.211777329444885e-01     7.979983687400818e-01
    1.000000000000000e+00     7.147650718688965e-01     6.978364586830139e-01
    1.000000000000000e+00     3.527674376964569e-01     8.714204430580139e-01
    1.000000000000000e+00     3.520497083663940e-01    -1.915999948978424e-01
    1.000000000000000e+00     4.982260465621948e-01    -7.406824827194214e-02
    1.000000000000000e+00     8.731712698936462e-01     4.818447530269623e-01
    1.000000000000000e+00     7.325310111045837e-01    -6.798166632652283e-01
    1.000000000000000e+00     5.899956822395325e-01     3.262327909469604e-01
    8.011366128921509e-01     1.000000000000000e+00     1.183857694268227e-01
    1.000000000000000e+00     5.054011344909668e-01     7.516190409660339e-01
    1.000000000000000e+00     4.948242008686066e-01     7.516333460807800e-01
    1.000000000000000e+00     5.042754411697388e-01     1.995509862899780e-01
    1.000000000000000e+00     7.827689647674561e-01    -1.917515508830547e-02
    1.000000000000000e+00     9.160727262496948e-01    -2.614426314830780e-01
    1.000000000000000e+00     3.439263701438904e-01     8.979666233062744e-01
    1.000000000000000e+00     4.788548052310944e-01     1.942289769649506e-01
    1.000000000000000e+00     4.325785934925079e-01     4.053142666816711e-01
    1.000000000000000e+00     5.244123339653015e-01     9.504802227020264e-01
    1.000000000000000e+00     4.756902456283569e-01     4.455463588237762e-01
    1.000000000000000e+00     5.949537158012390e-01    -4.235194027423859e-01
    1.000000000000000e+00     4.309798777103424e-01     9.049768447875977e-01
    7.606959342956543e-01     1.000000000000000e+00     8.074590563774109e-01
    1.000000000000000e+00     4.398382008075714e-01    -3.582724928855896e-01
    1.000000000000000e+00     4.843205809593201e-01    -6.805367469787598e-01
    1.000000000000000e+00     3.666611313819885e-01    -3.257055878639221e-01
    1.000000000000000e+00     4.657631814479828e-01    -5.521243214607239e-01
    1.000000000000000e+00     3.565740883350372e-01    -3.922904133796692e-01
    1.000000000000000e+00     3.954298496246338e-01     4.246009290218353e-01
    1.000000000000000e+00     8.326768279075623e-01     6.146426200866699e-01
    1.000000000000000e+00     4.374876022338867e-01     5.606945157051086e-01
    1.000000000000000e+00     3.569068908691406e-01    -7.170590758323669e-01
    1.000000000000000e+00     5.636041760444641e-01    -5.819942951202393e-01
    1.000000000000000e+00     6.939859390258789e-01     9.918074607849121e-01
    1.000000000000000e+00     8.001519441604614e-01    -8.080271482467651e-01
    1.000000000000000e+00     9.677245616912842e-01    -8.373360633850098e-01
    7.344684004783630e-01     1.000000000000000e+00    -8.879084885120392e-02
    1.000000000000000e+00     3.743185102939606e-01     6.417787671089172e-01
    1.000000000000000e+00     4.181558489799500e-01     7.336995601654053e-01
    1.000000000000000e+00     4.375379979610443e-01    -6.351545453071594e-01
    1.000000000000000e+00     6.335876584053040e-01     1.943977326154709e-01
    6.715984940528870e-01     1.000000000000000e+00     8.372134715318680e-02
    1.000000000000000e+00     3.809108734130859e-01    -1.235496848821640e-01
    1.000000000000000e+00     4.779594540596008e-01     7.910839468240738e-02
    1.000000000000000e+00     3.544260859489441e-01    -5.709435939788818e-01
    7.138307094573975e-01     1.000000000000000e+00    -6.725508570671082e-01
    9.966672658920288e-01     1.000000000000000e+00    -4.615305364131927e-01
    4.476096928119659e-01     1.000000000000000e+00     5.708464384078979e-01
    3.131162524223328e-01     1.000000000000000e+00    -3.651455342769623e-01
    1.000000000000000e+00     6.342485547065735e-01     1.885633766651154e-01
    1.000000000000000e+00     4.109309613704681e-01     8.898100256919861e-01
    1.000000000000000e+00     6.219439506530762e-01     4.581464231014252e-01
    1.000000000000000e+00     4.007007181644440e-01     7.771483063697815e-01
    1.000000000000000e+00     8.427363634109497e-01    -7.510524988174438e-01
    1.000000000000000e+00     5.380547046661377e-01     3.844251036643982e-01
    1.000000000000000e+00     5.782158970832825e-01     1.437377035617828e-01
    8.903179168701172e-01     1.000000000000000e+00     4.880211651325226e-01
    1.000000000000000e+00     5.195044875144958e-01     2.715169787406921e-01
    1.000000000000000e+00     3.638414442539215e-01    -2.365122735500336e-01
    1.000000000000000e+00     6.660928130149841e-01    -2.317753136157990e-01
    1.000000000000000e+00     3.845199048519135e-01    -6.110845804214478e-01
    1.000000000000000e+00     6.721693277359009e-01     5.737754702568054e-01
    6.992179155349731e-01     1.000000000000000e+00    -2.260410487651825e-01
    1.000000000000000e+00     3.573263287544250e-01    -2.279708981513977e-01
    5.606470108032227e-01     1.000000000000000e+00    -5.924413204193115e-01
    1.000000000000000e+00     3.418189883232117e-01    -2.360502034425735e-01
    1.000000000000000e+00     5.196898579597473e-01     2.582587003707886e-01
    8.111955523490906e-01     1.000000000000000e+00     4.293400347232819e-01
    1.000000000000000e+00     6.363163590431213e-01     5.623447895050049e-01
    4.615622758865356e-01     1.000000000000000e+00    -6.666596531867981e-01
    1.000000000000000e+00     3.614876568317413e-01     1.704870909452438e-01
    1.000000000000000e+00     4.853895008563995e-01     2.051318138837814e-01
    9.722325205802917e-01     1.000000000000000e+00     9.319782853126526e-01
    1.000000000000000e+00     7.684720158576965e-01     6.612697839736938e-01
    1.000000000000000e+00     5.530858635902405e-01     7.939051985740662e-01
    1.000000000000000e+00     9.778907299041748e-01    -1.946112886071205e-02
    3.550017774105072e-01     1.000000000000000e+00    -3.613362908363342e-01
    1.000000000000000e+00     4.452738761901855e-01     7.191227078437805e-01
    1.000000000000000e+00     4.146381020545959e-01     4.775035679340363e-01
    1.000000000000000e+00     4.948013722896576e-01     3.440659120678902e-02
    1.000000000000000e+00     4.182190001010895e-01    -2.558462023735046e-01
    1.000000000000000e+00     6.107993125915527e-01    -6.403136849403381e-01
    1.000000000000000e+00     4.544606208801270e-01    -7.911528348922729e-01
    7.243068218231201e-01     1.000000000000000e+00    -6.793298125267029e-01
    1.000000000000000e+00     9.430017471313477e-01     7.343356609344482e-01
    1.000000000000000e+00     7.419804930686951e-01    -6.188641190528870e-01
    1.000000000000000e+00     3.554815053939819e-01    -2.628825008869171e-01
    1.000000000000000e+00     4.099874794483185e-01     3.123135566711426e-01
    1.000000000000000e+00     8.986784815788269e-01     2.923828661441803e-01
    1.000000000000000e+00     4.051308333873749e-01     9.264280796051025e-01
    1.000000000000000e+00     4.208314418792725e-01    -3.485955595970154e-01
    1.000000000000000e+00     3.986075520515442e-01     6.305327415466309e-01
    1.000000000000000e+00     3.649654984474182e-01    -9.470165707170963e-03
    5.299168825149536e-01     1.000000000000000e+00     2.823600172996521e-01
    1.000000000000000e+00     5.044823288917542e-01    -6.579656004905701e-01
    1.000000000000000e+00     4.116958975791931e-01    -1.723603606224060e-01
    1.000000000000000e+00     6.719961762428284e-01    -2.916533052921295e-01
    1.000000000000000e+00     5.403864979743958e-01    -5.148632526397705e-01
    1.000000000000000e+00     7.516492605209351e-01     3.440068364143372e-01
    1.000000000000000e+00     3.385049104690552e-01    -8.210908174514771e-01
    8.358574509620667e-01     1.000000000000000e+00     8.449319005012512e-01
    1.000000000000000e+00     9.453585743904114e-01     8.492964319884777e-03
    1.000000000000000e+00     3.619456589221954e-01    -7.613611817359924e-01
    1.000000000000000e+00     5.324752926826477e-01     9.189369082450867e-01
    1.000000000000000e+00     6.175266504287720e-01    -9.385151863098145e-01
    1.000000000000000e+00     7.184815406799316e-01    -5.182705521583557e-01
    1.000000000000000e+00     5.819519162178040e-01    -2.056358754634857e-01
    1.000000000000000e+00     9.168970584869385e-01    -7.107368707656860e-01
    1.000000000000000e+00     7.826037406921387e-01     1.196368187665939e-01
    1.000000000000000e+00     4.270550012588501e-01    -2.593854963779449e-01
    1.000000000000000e+00     7.032572031021118e-01     5.500859022140503e-02
    1.000000000000000e+00     7.206069827079773e-01     2.492864429950714e-01
    1.000000000000000e+00     6.953705549240112e-01    -7.516884207725525e-01
    1.000000000000000e+00     6.812369227409363e-01    -1.499933898448944e-01
    1.000000000000000e+00     3.546541333198547e-01    -7.109358906745911e-01
    1.000000000000000e+00     9.117041230201721e-01     1.356321573257446e-01
    7.674402594566345e-01     1.000000000000000e+00     4.251994788646698e-01
    1.000000000000000e+00     4.053765237331390e-01    -4.427813887596130e-01
    1.000000000000000e+00     3.413085937500000e-01    -2.064381167292595e-02
    1.000000000000000e+00     3.615798056125641e-01    -8.944144099950790e-02
    4.401138722896576e-01     1.000000000000000e+00    -2.243360504508018e-02
    1.000000000000000e+00     9.075840711593628e-01     3.674321174621582e-01
    1.000000000000000e+00     4.710604250431061e-01     3.896283507347107e-01
    6.967948079109192e-01     1.000000000000000e+00     4.892494156956673e-02
    1.000000000000000e+00     7.425359487533569e-01     4.179635941982269e-01
    1.000000000000000e+00     7.350047230720520e-01    -8.147851228713989e-01
    1.000000000000000e+00     8.628532290458679e-01     4.664891958236694e-02
    1.000000000000000e+00     3.911393284797668e-01     4.012517929077148e-01
    1.000000000000000e+00     5.610870122909546e-01     9.882235527038574e-01
    8.928438425064087e-01     1.000000000000000e+00     1.996013373136520e-01
    1.000000000000000e+00     3.675094842910767e-01     5.913303494453430e-01
    5.913234353065491e-01     1.000000000000000e+00     5.147727727890015e-01
    1.000000000000000e+00     3.755893111228943e-01     4.697792530059814e-01
    1.000000000000000e+00     4.616746008396149e-01     4.948803484439850e-01
    1.000000000000000e+00     4.413766264915466e-01     2.110107839107513e-01
    1.000000000000000e+00     6.171320676803589e-01     5.862065032124519e-02
    1.000000000000000e+00     3.665395677089691e-01     9.247519969940186e-01
    1.000000000000000e+00     3.639624118804932e-01     8.674593567848206e-01
    8.226261734962463e-01     1.000000000000000e+00     5.970429778099060e-01
    1.000000000000000e+00     4.679055511951447e-01    -1.062907502055168e-01
    1.000000000000000e+00     3.905315697193146e-01    -1.943838298320770e-01
    1.000000000000000e+00     4.649206995964050e-01     3.421277999877930e-01
    1.000000000000000e+00     7.751752734184265e-01    -8.982267975807190e-01
    1.000000000000000e+00     4.926851987838745e-01     5.579385161399841e-01
    1.000000000000000e+00     3.458114564418793e-01    -9.864874482154846e-01
    1.000000000000000e+00     3.691747486591339e-01    -4.158424735069275e-01
    1.000000000000000e+00     5.052426457405090e-01     7.103673219680786e-01
    4.680309593677521e-01     1.000000000000000e+00     5.793016552925110e-01
    1.000000000000000e+00     6.306200623512268e-01    -6.920011043548584e-01
    1.000000000000000e+00     6.255577206611633e-01     3.806908428668976e-01
    1.000000000000000e+00     9.939686059951782e-01     4.062584936618805e-01
    1.000000000000000e+00     9.337415695190430e-01     9.592857956886292e-01
    1.000000000000000e+00     7.661327123641968e-01    -9.426950216293335e-01
    1.000000000000000e+00     6.926003098487854e-01     4.198278784751892e-01
    1.000000000000000e+00     3.561404943466187e-01     8.773962855339050e-01
    1.000000000000000e+00     5.201983451843262e-01     9.713263511657715e-01
    1.000000000000000e+00     3.576973080635071e-01     3.646546900272369e-01
    1.000000000000000e+00     5.811941623687744e-01    -7.453206777572632e-01
    1.000000000000000e+00     9.450771808624268e-01    -5.551521778106689e-01
    9.540642499923706e-01     1.000000000000000e+00    -5.749536156654358e-01
    1.000000000000000e+00     5.587269663810730e-01    -5.874329060316086e-02
    1.000000000000000e+00     7.124745249748230e-01    -1.585619524121284e-02
    1.000000000000000e+00     7.780500650405884e-01    -5.632938146591187e-01
    1.000000000000000e+00     4.515268802642822e-01     9.426121115684509e-01
    1.000000000000000e+00     6.836864352226257e-01     2.300447672605515e-01
    4.898342192173004e-01     1.000000000000000e+00    -8.278706073760986e-01
    1.000000000000000e+00     4.455038607120514e-01     4.456755816936493e-01
    1.000000000000000e+00     5.924684405326843e-01    -2.303113639354706e-01
    1.000000000000000e+00     3.794682919979095e-01     3.432982265949249e-01
    1.000000000000000e+00     6.008398532867432e-01    -8.221171498298645e-01
    9.188943505287170e-01     1.000000000000000e+00     3.546726107597351e-01
    1.000000000000000e+00     7.570338845252991e-01    -7.621624469757080e-01
    1.000000000000000e+00     3.723163008689880e-01     4.078175723552704e-01
    1.000000000000000e+00     3.640044033527374e-01     9.203628301620483e-01
    8.060038089752197e-01     1.000000000000000e+00     3.137793540954590e-01
    1.000000000000000e+00     4.599984884262085e-01     7.853773981332779e-02
    1.000000000000000e+00     5.196835994720459e-01     8.901455998420715e-02
    1.000000000000000e+00     7.023059725761414e-01     4.981388747692108e-01
    1.000000000000000e+00     6.171474456787109e-01     7.629200816154480e-01
    1.000000000000000e+00     6.172462105751038e-01    -4.556610882282257e-01
    1.000000000000000e+00     5.488609671592712e-01    -2.907577753067017e-01
    1.000000000000000e+00     5.008573532104492e-01    -2.504380345344543e-01
    1.000000000000000e+00     3.775893747806549e-01    -8.588159084320068e-01
    1.000000000000000e+00     4.601155817508698e-01     6.225204467773438e-01
    1.000000000000000e+00     4.801096320152283e-01     7.447117567062378e-01
    1.000000000000000e+00     3.390600383281708e-01    -1.678225845098495e-01
    1.000000000000000e+00     7.079091072082520e-01    -4.754310548305511e-01
    1.000000000000000e+00     4.942723214626312e-01     2.728013992309570e-01
    9.656518697738647e-01     1.000000000000000e+00     2.465972304344177e-01
    1.000000000000000e+00     8.954816460609436e-01    -8.448217511177063e-01
    1.000000000000000e+00     4.450671076774597e-01     5.230128765106201e-01
    8.536002635955811e-01     1.000000000000000e+00    -7.754704356193542e-01
    1.000000000000000e+00     5.035028457641602e-01     4.097072035074234e-02
    1.000000000000000e+00     7.720210552215576e-01    -2.978866994380951e-01
    1.000000000000000e+00     7.884396910667419e-01     1.018299609422684e-01
    1.000000000000000e+00     9.844626188278198e-01    -4.715684950351715e-01
    1.000000000000000e+00     4.870620369911194e-01     5.730811953544617e-01
    9.552624821662903e-01     1.000000000000000e+00    -7.859084606170654e-01
    1.000000000000000e+00     9.354920983314514e-01     1.872003674507141e-01
    7.928491234779358e-01     1.000000000000000e+00    -2.443639189004898e-01
    5.869749784469604e-01     1.000000000000000e+00    -3.817987740039825e-01
    1.000000000000000e+00     4.192735850811005e-01    -4.534733593463898e-01
