    1.566900968551636e+00    -8.844749927520752e-01    -4.453164041042328e-01    -1.392735093832016e-01
    1.451617717742920e+00     9.318776130676270e-01    -6.280800327658653e-03     3.627184033393860e-01
    2.125104427337646e+00    -2.033459395170212e-01     7.964531779289246e-01     5.694845318794250e-01
    2.882917165756226e+00    -3.847875893115997e-01     1.496180891990662e-01     9.107979536056519e-01
    2.299761772155762e+00    -3.919712305068970e-01    -7.362325191497803e-01    -5.516523122787476e-01
    1.422378778457642e+00     4.027861058712006e-01    -7.273146510124207e-01     5.556768774986267e-01
    1.635636925697327e+00     7.313485145568848e-01     6.203163266181946e-01    -2.834376692771912e-01
    9.931584596633911e-01    -9.236704558134079e-02    -5.794199109077454e-01    -8.097783327102661e-01
    2.990170478820801e+00    -2.121837139129639e-01    -9.289413690567017e-01     3.033909499645233e-01
    1.070218443870544e+00     5.686681270599365e-01     4.697462320327759e-01    -6.752444505691528e-01
    2.465754747390747e+00    -9.111557602882385e-01     1.599016487598419e-01     3.797719180583954e-01
    1.125662088394165e+00     4.790331423282623e-01     8.729463219642639e-01    -9.215122461318970e-02
    2.718497991561890e+00    -3.109614551067352e-01     2.259321212768555e-01    -9.231780171394348e-01
    2.870461940765381e+00     2.110578715801239e-01     5.785520002245903e-02    -9.757598638534546e-01
    2.503105878829956e+00    -6.647438406944275e-01     3.725200891494751e-01    -6.475681066513062e-01
    1.580428004264832e+00    -6.008415818214417e-01    -2.669451534748077e-01    -7.534784674644470e-01
    5.719323754310608e-01     7.452810555696487e-02     7.744298577308655e-01     6.282547116279602e-01
    1.391849875450134e+00    -1.482152044773102e-01     5.334247946739197e-01    -8.327606320381165e-01
    2.668496370315552e+00     7.895347476005554e-02    -2.603207528591156e-01     9.622887372970581e-01
    2.662555456161499e+00    -4.293300583958626e-02     5.833787322044373e-01    -8.110647797584534e-01
    1.460681796073914e+00     6.332973241806030e-01     7.698481082916260e-01     7.917285710573196e-02
    1.282135844230652e+00     7.258492112159729e-01    -1.600887775421143e-01     6.689652204513550e-01
    2.097261428833008e+00     3.036252222955227e-02     5.939543843269348e-01    -8.039255738258362e-01
    1.878489494323730e+00    -2.756995558738708e-01     9.152415990829468e-01    -2.938071489334106e-01
    5.216534137725830e-01    -7.117382884025574e-01    -2.976287007331848e-01    -6.362748146057129e-01
    2.743714332580566e+00     2.612723410129547e-02    -9.799180030822754e-01    -1.976817399263382e-01
    2.253909587860107e+00     4.104053974151611e-01    -8.618984222412109e-01    -2.978228032588959e-01
    6.942571997642517e-01     9.011933207511902e-01     2.293229550123215e-01    -3.677791953086853e-01
    2.895057439804077e+00     4.957186281681061e-01    -7.986913919448853e-01    -3.411084711551666e-01
    1.882052659988403e+00    -7.386295795440674e-01     5.009405016899109e-01     4.510931372642517e-01
    1.378155708312988e+00    -3.457739949226379e-02     5.124701932072639e-02     9.980872273445129e-01
    5.399235486984253e-01    -1.785808205604553e-01     1.575910449028015e-01     9.712229967117310e-01
    1.870483994483948e+00    -7.730799317359924e-01    -3.255166709423065e-01     5.444136857986450e-01
    1.479468464851379e+00    -2.831175029277802e-01     4.613873660564423e-01    -8.408128619194031e-01
    2.468876600265503e+00    -8.029354810714722e-01    -1.329614897258580e-03     5.960645675659180e-01
    2.127403736114502e+00     5.342915654182434e-01    -5.455855727195740e-01     6.456538438796997e-01
    1.756359338760376e+00     3.507872819900513e-01     6.295282840728760e-01    -6.932838559150696e-01
    2.439523220062256e+00    -4.762121140956879e-01     7.737429738044739e-01    -4.177842438220978e-01
    2.364150524139404e+00     8.867668509483337e-01     2.506528794765472e-01    -3.883525431156158e-01
    1.285237193107605e+00     2.786516584455967e-02    -5.044007301330566e-01    -8.630199432373047e-01
    1.582064747810364e+00    -7.125598192214966e-01    -3.393325209617615e-01     6.140944361686707e-01
    2.678735733032227e+00    -5.138866305351257e-01     1.440330296754837e-01     8.456801772117615e-01
    2.143440723419189e+00    -7.077897191047668e-01    -6.018149852752686e-01     3.699355721473694e-01
    2.040454387664795e+00    -3.260072469711304e-01    -8.602209091186523e-01     3.920961916446686e-01
    2.279874086380005e+00     7.044570054858923e-03    -3.383666872978210e-01     9.409880638122559e-01
    1.897820949554443e+00    -6.429239511489868e-01     6.363083124160767e-01    -4.263337254524231e-01
    1.431402444839478e+00    -6.081533432006836e-01    -5.574939846992493e-01     5.651106238365173e-01
    7.098225951194763e-01     2.728795707225800e-01     6.687880158424377e-01    -6.915628910064697e-01
    6.284649372100830e-01    -3.161726891994476e-01     5.761525034904480e-01    -7.537128329277039e-01
    2.286918401718140e+00    -6.740117669105530e-01    -4.091765880584717e-01    -6.150467991828918e-01
    1.675294876098633e+00    -2.794384360313416e-01    -3.957155048847198e-01     8.748276829719543e-01
    2.714386224746704e+00    -4.283289015293121e-01     8.792028427124023e-01     2.086547613143921e-01
    2.370148420333862e+00     2.010090500116348e-01     9.040907025337219e-01     3.771145343780518e-01
    2.996970176696777e+00    -1.078414358198643e-02    -5.229605436325073e-01    -8.522887229919434e-01
    6.978111863136292e-01    -8.227375149726868e-01     3.191071450710297e-01     4.703972935676575e-01
    2.268497467041016e+00    -1.415259093046188e-01    -4.250114560127258e-01     8.940557241439819e-01
    4.186719655990601e-01    -1.517604589462280e-01     3.040173947811127e-01     9.405009746551514e-01
    1.348129272460938e+00     6.188125610351562e-01    -6.618530750274658e-01     4.231092035770416e-01
    2.208389997482300e+00    -2.453468553721905e-02     2.271773219108582e-01    -9.735442996025085e-01
    2.556381464004517e+00     2.092935442924500e-01     8.891308307647705e-01     4.069921970367432e-01
    1.426570534706116e+00    -5.356850624084473e-01     8.160442113876343e-01     2.170558869838715e-01
    7.428326010704041e-01     5.324184298515320e-01     8.463492989540100e-01     1.495088636875153e-02
    2.311990976333618e+00    -7.494757771492004e-01    -3.358784019947052e-01     5.705013275146484e-01
    1.606444716453552e+00     7.292793691158295e-02     7.758050560951233e-01    -6.267440319061279e-01
    2.498278141021729e+00     1.897022128105164e-01    -8.260554820299149e-02     9.783605337142944e-01
    2.762738227844238e+00     5.371689423918724e-02    -6.591370701789856e-01    -7.501018047332764e-01
    2.841304063796997e+00    -6.467078328132629e-01    -4.398153126239777e-01    -6.231624484062195e-01
    3.682244122028351e-01    -1.075258255004883e-01    -5.008228421211243e-01     8.588449358940125e-01
    1.006235361099243e+00     9.221699833869934e-01    -1.701476238667965e-02     3.864105343818665e-01
    2.369651556015015e+00     6.486007571220398e-01     5.778865814208984e-01     4.953424036502838e-01
    1.564623594284058e+00    -5.299436300992966e-02     2.072145640850067e-01    -9.768591523170471e-01
    2.427382469177246e+00    -7.326192855834961e-01     6.779989004135132e-01    -5.988708510994911e-02
    2.211756706237793e+00    -5.912071466445923e-01     1.689363270998001e-02     8.063428401947021e-01
    1.568518161773682e+00    -3.326663002371788e-02     9.006990194320679e-01    -4.331681430339813e-01
    5.440157651901245e-01    -6.733561158180237e-01     5.625392198562622e-01    -4.797301888465881e-01
    7.770202755928040e-01     8.207060098648071e-01    -2.683600783348083e-01    -5.044050812721252e-01
    2.903193950653076e+00     7.625282406806946e-01    -4.759488254785538e-02     6.452019214630127e-01
    2.732550621032715e+00     2.828619182109833e-01    -8.472586870193481e-01     4.496018588542938e-01
    6.132938265800476e-01     4.190271496772766e-01    -1.612578183412552e-01     8.935390710830688e-01
    1.424594402313232e+00     6.818673610687256e-01    -3.148415088653564e-01    -6.602512598037720e-01
    2.658307075500488e+00     2.473384439945221e-01     8.968527317047119e-01     3.667136430740356e-01
    1.351315259933472e+00    -5.420143008232117e-01     1.714478246867657e-02     8.401944041252136e-01
    1.317462563514709e+00     1.318835765123367e-01     3.894262015819550e-01     9.115667939186096e-01
    1.184091210365295e+00    -7.221279740333557e-01    -1.013503596186638e-01    -6.842947006225586e-01
    1.587360262870789e+00    -4.693380594253540e-01     4.901330471038818e-01    -7.345008254051208e-01
    2.020762443542480e+00     3.018094599246979e-01    -7.600035667419434e-01     5.755915045738220e-01
    2.833897829055786e+00    -1.814787983894348e-01     9.804961681365967e-01     7.545016705989838e-02
    2.151958703994751e+00     4.459557533264160e-01     7.759079933166504e-01    -4.461953043937683e-01
    1.806304097175598e+00    -1.324394531548023e-02     4.734734445810318e-02     9.987906813621521e-01
    5.612537860870361e-01     5.714414715766907e-01    -1.367409378290176e-01    -8.091703653335571e-01
    1.059574842453003e+00     3.101478517055511e-01    -8.646208047866821e-02     9.467484354972839e-01
    9.308255314826965e-01    -3.065941110253334e-02    -1.554355025291443e-01     9.873701333999634e-01
    1.545228362083435e+00    -2.506495714187622e-01    -3.064323961734772e-01    -9.182994961738586e-01
    2.951866865158081e+00     9.678008407354355e-02    -7.628773450851440e-01    -6.392588615417480e-01
    2.450289011001587e+00    -1.827956885099411e-01    -9.746269583702087e-01     1.291822195053101e-01
    1.722441077232361e+00    -6.817565560340881e-01    -6.574261188507080e-01    -3.209343850612640e-01
    2.799658298492432e+00    -9.855231046676636e-01    -1.837342418730259e-02    -1.685427725315094e-01
    1.090965628623962e+00    -3.016200661659241e-01     5.550048947334290e-01    -7.752386331558228e-01
    1.172818422317505e+00     1.452376693487167e-01     1.124799698591232e-01     9.829823374748230e-01
    2.876472711563110e+00    -3.809022307395935e-01    -8.864415287971497e-01    -2.629349231719971e-01
    1.895488858222961e+00     1.788998208940029e-02    -3.567833304405212e-01    -9.340158104896545e-01
    1.800567984580994e+00    -1.564682722091675e-01     8.281027674674988e-01     5.382968187332153e-01
    8.326907157897949e-01    -5.152604579925537e-01    -4.522944986820221e-01    -7.279672026634216e-01
    2.559127807617188e+00     9.938154220581055e-01    -1.089616417884827e-01    -2.140884287655354e-02
    2.203412294387817e+00    -4.717435538768768e-01    -2.785868048667908e-01     8.365689516067505e-01
    1.407324075698853e+00     2.753575146198273e-01     5.699448585510254e-01     7.741712331771851e-01
    1.638949871063232e+00     5.154472589492798e-01     8.221276998519897e-01    -2.417025715112686e-01
    2.596707582473755e+00    -4.429770708084106e-01     6.349041461944580e-01    -6.329835057258606e-01
    1.884559512138367e+00     7.792707085609436e-01    -6.085960268974304e-01     1.494923830032349e-01
    2.692785739898682e+00    -1.426008194684982e-01     9.865595698356628e-01     7.978235930204391e-02
    1.859940528869629e+00    -2.554110288619995e-01    -6.505504250526428e-01    -7.152267694473267e-01
    4.844869971275330e-01    -6.723688244819641e-01    -5.329717993736267e-01     5.136742591857910e-01
    5.309059023857117e-01     1.002114787697792e-01     1.139382123947144e-01    -9.884208440780640e-01
    1.278934121131897e+00    -7.415273189544678e-01     3.059096336364746e-01    -5.971236228942871e-01
    4.341427683830261e-01    -6.068467497825623e-01    -5.087361335754395e-01    -6.106755137443542e-01
    6.671154499053955e-01    -7.062523066997528e-02     9.415792226791382e-01    -3.293033242225647e-01
    9.719403982162476e-01     2.610436081886292e-01    -3.091281354427338e-01    -9.144921898841858e-01
    2.291399002075195e+00     7.441740036010742e-01    -6.561479568481445e-01    -1.251993775367737e-01
    2.639627456665039e+00    -6.628116369247437e-01     3.826287090778351e-01     6.436427831649780e-01
    3.674284815788269e-01     8.454185724258423e-02     3.031332977116108e-02     9.959586858749390e-01
    1.534335136413574e+00    -4.312903061509132e-02     9.084241390228271e-01    -4.158191084861755e-01
    2.698606967926025e+00    -9.982753396034241e-01     4.786302894353867e-02    -3.399114683270454e-02
    1.142222762107849e+00    -5.956842899322510e-01    -1.053313538432121e-01    -7.962823510169983e-01
    2.310025691986084e+00    -6.168480515480042e-01    -7.744662165641785e-01    -1.403581500053406e-01
    1.161163926124573e+00    -9.942048192024231e-01     2.236878313124180e-02    -1.051499396562576e-01
    9.618380665779114e-01    -7.050660252571106e-01     2.688097059726715e-01     6.562188863754272e-01
    1.043790698051453e+00     6.905364394187927e-01     6.772495508193970e-01     2.539538145065308e-01
    2.834756612777710e+00     8.004918098449707e-01    -1.465298086404800e-01     5.811556577682495e-01
    5.940871834754944e-01     3.560216352343559e-02    -1.706438958644867e-01     9.846893548965454e-01
    2.418083906173706e+00    -2.892006635665894e-01     6.649717688560486e-01     6.886041164398193e-01
    1.447751045227051e+00     2.801443636417389e-01    -9.267767071723938e-01     2.502080500125885e-01
    3.481535911560059e-01     8.526552468538284e-02     9.605934619903564e-01     2.645562291145325e-01
    8.259059786796570e-01    -8.327739238739014e-01    -5.356634259223938e-01    -1.398295313119888e-01
    1.009573459625244e+00     2.347626835107803e-01     9.584377408027649e-01    -1.621221452951431e-01
    2.920719385147095e+00     1.676072776317596e-01    -9.557411670684814e-01    -2.417986392974854e-01
    1.754462599754333e+00    -1.628221273422241e-01    -1.100820749998093e-01     9.804952144622803e-01
    1.659011840820312e+00    -9.699193760752678e-03    -4.842715859413147e-01    -8.748639822006226e-01
    1.664827942848206e+00     1.409397572278976e-01     2.000788748264313e-01     9.695898294448853e-01
    2.065903186798096e+00    -6.060717701911926e-01    -6.530722379684448e-01    -4.540635347366333e-01
    1.700863361358643e+00    -6.733096241950989e-01     5.620153546333313e-01     4.804091751575470e-01
    2.719493865966797e+00    -1.160745173692703e-01    -9.876505136489868e-01    -1.052292212843895e-01
    1.027619242668152e+00     9.426137059926987e-02     9.936546087265015e-01     6.136169657111168e-02
    2.341398954391479e+00     7.270274162292480e-01     5.400312542915344e-01     4.240254163742065e-01
    1.868027448654175e+00     8.049939274787903e-01     5.702776312828064e-01     1.636102050542831e-01
    2.224007844924927e+00    -8.615937829017639e-02     3.595480322837830e-01    -9.291402697563171e-01
    2.214617013931274e+00     2.325973846018314e-02     7.656536102294922e-01     6.428325176239014e-01
    1.197819948196411e+00    -5.594819188117981e-01    -3.415749669075012e-01    -7.551864385604858e-01
    8.458569645881653e-01    -5.446636080741882e-01    -8.231911063194275e-01     1.603058576583862e-01
    1.914538145065308e+00     3.759174346923828e-01    -7.268551588058472e-01    -5.747762322425842e-01
    1.390897154808044e+00    -8.106395602226257e-01     5.653595924377441e-01     1.524205207824707e-01
    1.942012548446655e+00    -5.460181236267090e-01    -7.322973012924194e-01    -4.069456756114960e-01
    2.629699230194092e+00     7.730830311775208e-01    -5.818247795104980e-01    -2.526311874389648e-01
    1.666382908821106e+00     4.718679189682007e-01    -8.143002986907959e-01    -3.380173444747925e-01
    2.149898290634155e+00    -9.374583512544632e-02    -2.559781372547150e-01     9.621262550354004e-01
    2.453980207443237e+00     1.131638064980507e-01    -7.695091366767883e-01     6.285297870635986e-01
    2.876860141754150e+00    -9.833356738090515e-02     5.711373090744019e-01     8.149433732032776e-01
    3.866507709026337e-01    -7.775822877883911e-01    -6.056783795356750e-01     1.688771396875381e-01
    2.556442260742188e+00     5.644016265869141e-01    -7.792828679084778e-01     2.723398208618164e-01
    1.217736244201660e+00    -2.989911735057831e-01    -8.158107995986938e-01    -4.950324594974518e-01
    4.774403870105743e-01     4.929995834827423e-01    -3.026444092392921e-02     8.695030212402344e-01
    1.337422728538513e+00     7.708386182785034e-01    -4.132229983806610e-01     4.848243296146393e-01
    1.332305312156677e+00    -3.357787132263184e-01     5.753080248832703e-01     7.458373308181763e-01
    2.377918481826782e+00     7.273252606391907e-01     5.623522996902466e-01    -3.933928608894348e-01
    1.246609091758728e+00     7.742235660552979e-01     4.052874445915222e-01    -4.861274957656860e-01
    2.849143266677856e+00    -9.646700620651245e-01    -2.587181627750397e-01    -4.976543039083481e-02
    8.814927339553833e-01     9.711085557937622e-01     1.798889040946960e-01    -1.568060219287872e-01
    2.913048982620239e+00     2.952780388295650e-02    -8.795976042747498e-01     4.748011529445648e-01
    2.584622144699097e+00    -4.111784100532532e-01     3.892207751050591e-03    -9.115465879440308e-01
    2.793054819107056e+00    -1.552452743053436e-01    -3.147912621498108e-01     9.363788366317749e-01
    1.652797818183899e+00     4.315595924854279e-01     9.019087553024292e-01     1.780225150287151e-02
    6.457473039627075e-01    -7.054092884063721e-01     5.646450519561768e-01    -4.284549653530121e-01
    1.707022786140442e+00    -9.997934699058533e-01    -1.852717064321041e-02    -8.344732224941254e-03
    1.705570697784424e+00     8.851425647735596e-01    -7.140411436557770e-02     4.598087966442108e-01
    9.716531634330750e-01    -2.150498032569885e-01     3.876628577709198e-01    -8.963654637336731e-01
    1.479954838752747e+00    -2.408137321472168e-01    -8.889364004135132e-01    -3.896162509918213e-01
    2.021753549575806e+00     5.134903788566589e-01    -3.454594314098358e-01     7.854841351509094e-01
    1.730144619941711e+00    -3.352484405040741e-01     2.740487158298492e-01     9.013910889625549e-01
    5.103354454040527e-01     3.792701959609985e-01    -8.549867868423462e-01     3.537679612636566e-01
    2.292856454849243e+00    -9.197953343391418e-01     2.547455728054047e-01    -2.984650135040283e-01
    1.077124238014221e+00    -1.827932745218277e-01     5.301772356033325e-01    -8.279485702514648e-01
    5.654951930046082e-01     6.980401873588562e-01     7.147741913795471e-01    -4.286895319819450e-02
    1.775969743728638e+00     1.240255013108253e-01    -7.601606249809265e-01    -6.377879381179810e-01
    4.465607404708862e-01    -5.429502725601196e-01    -8.394082784652710e-01    -2.446942776441574e-02
    5.463815927505493e-01     5.956902503967285e-01    -7.989529520273209e-02    -7.992308735847473e-01
    2.015969276428223e+00    -3.007850646972656e-01    -4.324520230293274e-01     8.500080108642578e-01
    1.679466366767883e+00    -9.696867465972900e-01     1.382115334272385e-01     2.015073895454407e-01
    1.131131887435913e+00    -3.985137939453125e-01    -4.772043228149414e-01     7.832386493682861e-01
    1.489629626274109e+00    -1.680363565683365e-01     1.142127960920334e-01     9.791420698165894e-01
    2.983063459396362e+00     3.371112346649170e-01     9.302184581756592e-01    -1.450854241847992e-01
    2.284108400344849e+00    -3.624106049537659e-01    -3.757571280002594e-01    -8.529155850410461e-01
    1.203567266464233e+00    -2.548790872097015e-01     6.575983762741089e-01    -7.089436054229736e-01
    2.893926858901978e+00    -2.644096612930298e-01     9.515792727470398e-01    -1.567937880754471e-01
    1.037845730781555e+00     6.144639849662781e-01    -1.903218179941177e-01    -7.656444907188416e-01
    2.881098985671997e+00     1.550557613372803e-01    -1.334007480181754e-03    -9.879047870635986e-01
    7.717475295066833e-01    -6.771560907363892e-01    -6.973406076431274e-01    -2.348953932523727e-01
    2.392378568649292e+00     2.916913330554962e-01    -6.523570418357849e-01     6.995330452919006e-01
    2.128293514251709e+00     2.283214479684830e-01    -4.755091071128845e-01    -8.495648503303528e-01
    1.472753882408142e+00     2.015317082405090e-01     4.755852222442627e-01    -8.562731146812439e-01
    1.043215632438660e+00     1.997710205614567e-02     1.603313684463501e-01    -9.868609905242920e-01
    5.927842259407043e-01     2.008656561374664e-01     9.391590356826782e-01     2.786274850368500e-01
    2.734389781951904e+00     5.312495231628418e-01     3.264437019824982e-01     7.817982435226440e-01
    2.991287708282471e+00     5.985057950019836e-01     7.500531077384949e-01    -2.814447581768036e-01
    2.924044132232666e+00     5.095818638801575e-01    -3.456959500908852e-02     8.597273826599121e-01
    1.609845161437988e+00     7.979983687400818e-01     5.655558109283447e-01     2.081956267356873e-01
    1.399061083793640e+00     6.978364586830139e-01     4.113619923591614e-01     5.863494873046875e-01
    2.834728717803955e+00     8.714204430580139e-01     4.899850487709045e-01    -2.326340414583683e-02
    2.840507984161377e+00    -1.915999948978424e-01    -7.669638395309448e-01    -6.124180555343628e-01
    2.007121086120605e+00    -7.406824827194214e-02     2.484291940927505e-01    -9.658141136169434e-01
    1.145250678062439e+00     4.818447530269623e-01    -8.634855747222900e-01    -1.490582376718521e-01
    1.365129947662354e+00    -6.798166632652283e-01    -4.481234848499298e-01    -5.805469155311584e-01
    1.694927573204041e+00     3.262327909469604e-01    -7.108297944068909e-01     6.231317520141602e-01
    8.011366128921509e-01     1.183857694268227e-01    -1.727279573678970e-01     9.778291583061218e-01
    1.978626251220703e+00     7.516190409660339e-01    -8.081448078155518e-02    -6.546279788017273e-01
    2.020919799804688e+00     7.516333460807800e-01     3.953842818737030e-01    -5.279378890991211e-01
    1.983043193817139e+00     1.995509862899780e-01     9.774920940399170e-01     6.847324967384338e-02
    1.277516126632690e+00    -1.917515508830547e-02     6.034608483314514e-01    -7.971619963645935e-01
    1.091616392135620e+00    -2.614426314830780e-01    -9.229148030281067e-01     2.826236188411713e-01
    2.907598972320557e+00     8.979666233062744e-01     4.356490671634674e-01    -6.217577308416367e-02
    2.088315725326538e+00     1.942289769649506e-01     9.778069257736206e-01    -7.854193449020386e-02
    2.311718702316284e+00     4.053142666816711e-01     4.329268634319305e-01    -8.051674962043762e-01
    1.906896352767944e+00     9.504802227020264e-01     3.089327216148376e-01    -3.388168290257454e-02
    2.102208375930786e+00     4.455463588237762e-01    -4.334599673748016e-01    -7.833268642425537e-01
    1.680802941322327e+00    -4.235194027423859e-01    -2.753438651561737e-01    -8.630278706550598e-01
    2.320293903350830e+00     9.049768447875977e-01     2.654887139797211e-01     3.324645459651947e-01
    7.606959342956543e-01     8.074590563774109e-01    -1.432219296693802e-01     5.722737908363342e-01
    2.273563385009766e+00    -3.582724928855896e-01     8.910006880760193e-01     2.788521051406860e-01
    2.064748048782349e+00    -6.805367469787598e-01     6.950543522834778e-01     2.318819165229797e-01
    2.727313995361328e+00    -3.257055878639221e-01    -6.653343439102173e-01    -6.717484593391418e-01
    2.147013902664185e+00    -5.521243214607239e-01     7.346292138099670e-01     3.943076133728027e-01
    2.804466247558594e+00    -3.922904133796692e-01     3.940192162990570e-01     8.311780691146851e-01
    2.528893470764160e+00     4.246009290218353e-01    -8.947598338127136e-01     1.382713317871094e-01
    1.200946092605591e+00     6.146426200866699e-01     7.858841419219971e-01    -6.782693415880203e-02
    2.285778999328613e+00     5.606945157051086e-01    -4.970879554748535e-01     6.622124314308167e-01
    2.801851272583008e+00    -7.170590758323669e-01    -6.707280278205872e-01     1.896056085824966e-01
    1.774294853210449e+00    -5.819942951202393e-01     7.154438495635986e-01     3.865525126457214e-01
    1.440951347351074e+00     9.918074607849121e-01    -7.562337815761566e-02    -1.029520705342293e-01
    1.249762654304504e+00    -8.080271482467651e-01    -5.805348753929138e-01    -1.003563478589058e-01
    1.033351898193359e+00    -8.373360633850098e-01    -3.274645805358887e-01    -4.377618730068207e-01
    7.344684004783630e-01    -8.879084885120392e-02    -1.792547702789307e-01     9.797877073287964e-01
    2.671521663665771e+00     6.417787671089172e-01    -7.217916846275330e-01     2.591075897216797e-01
    2.391452789306641e+00     7.336995601654053e-01     8.168290555477142e-02    -6.745464205741882e-01
    2.285515785217285e+00    -6.351545453071594e-01    -1.565350890159607e-01    -7.563567161560059e-01
    1.578313589096069e+00     1.943977326154709e-01    -7.066618204116821e-01    -6.803224682807922e-01
    6.715984940528870e-01     8.372134715318680e-02    -8.089367151260376e-01     5.819038152694702e-01
    2.625286102294922e+00    -1.235496848821640e-01    -8.878304958343506e-01    -4.432747662067413e-01
    2.092227697372437e+00     7.910839468240738e-02    -9.570944309234619e-01     2.787690460681915e-01
    2.821462869644165e+00    -5.709435939788818e-01    -5.955747961997986e-01    -5.650787949562073e-01
    7.138307094573975e-01    -6.725508570671082e-01    -3.867453634738922e-01    -6.309543251991272e-01
    9.966672658920288e-01    -4.615305364131927e-01     1.002903431653976e-01     8.814371824264526e-01
    4.476096928119659e-01     5.708464384078979e-01    -4.371870756149292e-01    -6.949833035469055e-01
    3.131162524223328e-01    -3.651455342769623e-01    -4.950473606586456e-01    -7.884141802787781e-01
    1.576668977737427e+00     1.885633766651154e-01     7.649955153465271e-01    -6.158130168914795e-01
    2.433498859405518e+00     8.898100256919861e-01    -4.185160696506500e-01     1.818856447935104e-01
    1.607861995697021e+00     4.581464231014252e-01     4.221628010272980e-01    -7.822278141975403e-01
    2.495628118515015e+00     7.771483063697815e-01    -5.981236696243286e-01     1.956745982170105e-01
    1.186610698699951e+00    -7.510524988174438e-01     6.022170931100845e-02    -6.574903726577759e-01
    1.858547091484070e+00     3.844251036643982e-01     5.097139477729797e-01    -7.696810960769653e-01
    1.729457736015320e+00     1.437377035617828e-01    -7.184280753135681e-01    -6.805884242057800e-01
    8.903179168701172e-01     4.880211651325226e-01    -8.686128258705139e-01     8.571571856737137e-02
    1.924911260604858e+00     2.715169787406921e-01    -6.946183443069458e-01     6.661709547042847e-01
    2.748450040817261e+00    -2.365122735500336e-01    -8.229829072952271e-01    -5.164892077445984e-01
    1.501292347908020e+00    -2.317753136157990e-01    -8.539625406265259e-01    -4.658629298210144e-01
    2.600645542144775e+00    -6.110845804214478e-01    -6.505401134490967e-01     4.509691894054413e-01
    1.487720370292664e+00     5.737754702568054e-01     8.130562305450439e-01    -9.859649837017059e-02
    6.992179155349731e-01    -2.260410487651825e-01    -7.907854914665222e-01     5.688267946243286e-01
    2.798562288284302e+00    -2.279708981513977e-01    -3.323511779308319e-01     9.151895642280579e-01
    5.606470108032227e-01    -5.924413204193115e-01    -7.522215247154236e-01     2.884025275707245e-01
    2.925524950027466e+00    -2.360502034425735e-01    -9.070420861244202e-01     3.486471772193909e-01
    1.924224615097046e+00     2.582587003707886e-01    -2.532296478748322e-01    -9.322966933250427e-01
    8.111955523490906e-01     4.293400347232819e-01     7.634688019752502e-01     4.824754893779755e-01
    1.571545362472534e+00     5.623447895050049e-01     8.213715553283691e-01     9.548330307006836e-02
    4.615622758865356e-01    -6.666596531867981e-01    -2.007862031459808e-01    -7.178089618682861e-01
    2.766346216201782e+00     1.704870909452438e-01    -2.047575451433659e-02    -9.851471781730652e-01
    2.060201168060303e+00     2.051318138837814e-01     3.762811124324799e-01    -9.035117626190186e-01
    9.722325205802917e-01     9.319782853126526e-01    -1.150048449635506e-01     3.437882363796234e-01
    1.301283597946167e+00     6.612697839736938e-01     6.236790418624878e-01    -4.168291389942169e-01
    1.808037519454956e+00     7.939051985740662e-01     9.359282255172729e-02     6.007952094078064e-01
    1.022609114646912e+00    -1.946112886071205e-02     8.944100141525269e-01     4.468244314193726e-01
    3.550017774105072e-01    -3.613362908363342e-01    -6.637713313102722e-01    -6.548615694046021e-01
    2.245808839797974e+00     7.191227078437805e-01     6.265277862548828e-01     3.005419075489044e-01
    2.411741733551025e+00     4.775035679340363e-01     1.304695159196854e-01     8.688889741897583e-01
    2.021013021469116e+00     3.440659120678902e-02     6.913288235664368e-01    -7.217206954956055e-01
    2.391091823577881e+00    -2.558462023735046e-01     8.148576021194458e-01     5.201441049575806e-01
    1.637198925018311e+00    -6.403136849403381e-01     2.652607858181000e-01    -7.208572030067444e-01
    2.200410604476929e+00    -7.911528348922729e-01    -6.008791327476501e-01     1.141114532947540e-01
    7.243068218231201e-01    -6.793298125267029e-01     7.149481177330017e-01    -1.654091477394104e-01
    1.060443401336670e+00     7.343356609344482e-01    -6.785737872123718e-01     1.699069142341614e-02
    1.347744345664978e+00    -6.188641190528870e-01    -3.819601833820343e-01    -6.863771080970764e-01
    2.813085794448853e+00    -2.628825008869171e-01     9.434105753898621e-01    -2.021615654230118e-01
    2.439098834991455e+00     3.123135566711426e-01     7.441878914833069e-01    -5.904613137245178e-01
    1.112745046615601e+00     2.923828661441803e-01     6.874642372131348e-01    -6.647595167160034e-01
    2.468338489532471e+00     9.264280796051025e-01     3.598350584506989e-01     1.106787249445915e-01
    2.376248359680176e+00    -3.485955595970154e-01    -9.350070357322693e-01     6.513824313879013e-02
    2.508733272552490e+00     6.305327415466309e-01     1.407060027122498e-01     7.633022665977478e-01
    2.739984989166260e+00    -9.470165707170963e-03    -5.125778913497925e-01     8.585885763168335e-01
    5.299168825149536e-01     2.823600172996521e-01     3.304841816425323e-01    -9.005847573280334e-01
    1.982230067253113e+00    -6.579656004905701e-01    -2.786156833171844e-01    -6.996102333068848e-01
    2.428977251052856e+00    -1.723603606224060e-01     1.113600134849548e-01     9.787189960479736e-01
    1.488103747367859e+00    -2.916533052921295e-01    -9.178138375282288e-01    -2.693624794483185e-01
    1.850527286529541e+00    -5.148632526397705e-01     8.391831517219543e-01     1.751783639192581e-01
    1.330407738685608e+00     3.440068364143372e-01     9.173784852027893e-01     2.001895904541016e-01
    2.954166889190674e+00    -8.210908174514771e-01    -3.448013663291931e-01    -4.548865556716919e-01
    8.358574509620667e-01     8.449319005012512e-01    -2.364473491907120e-01    -4.797736406326294e-01
    1.057799696922302e+00     8.492964319884777e-03    -7.695066928863525e-01    -6.385823488235474e-01
    2.762845754623413e+00    -7.613611817359924e-01     6.482812166213989e-01     7.793968077749014e-03
    1.878021478652954e+00     9.189369082450867e-01     7.392261922359467e-02     3.874150216579437e-01
    1.619363307952881e+00    -9.385151863098145e-01     3.241269886493683e-01     1.188732236623764e-01
    1.391824245452881e+00    -5.182705521583557e-01    -7.967842221260071e-01     3.106935918331146e-01
    1.718355059623718e+00    -2.056358754634857e-01    -6.991210579872131e-02    -9.761281609535217e-01
    1.090634942054749e+00    -7.107368707656860e-01    -2.888302206993103e-01     6.414282917976379e-01
    1.277785897254944e+00     1.196368187665939e-01     5.761678218841553e-01    -8.085280656814575e-01
    2.341618776321411e+00    -2.593854963779449e-01     8.265144228935242e-01    -4.995929300785065e-01
    1.421954870223999e+00     5.500859022140503e-02    -7.808848023414612e-01     6.222484111785889e-01
    1.387719035148621e+00     2.492864429950714e-01     5.886130928993225e-01     7.690194249153137e-01
    1.438082218170166e+00    -7.516884207725525e-01    -1.125164031982422e-01     6.498495936393738e-01
    1.467918038368225e+00    -1.499933898448944e-01     7.455787062644958e-01     6.493182778358459e-01
    2.819648504257202e+00    -7.109358906745911e-01     2.834909260272980e-01    -6.435860395431519e-01
    1.096847057342529e+00     1.356321573257446e-01     8.720779418945312e-01    -4.701956808567047e-01
    7.674402594566345e-01     4.251994788646698e-01    -6.636483669281006e-01    -6.154479384422302e-01
    2.466842412948608e+00    -4.427813887596130e-01    -6.795441508293152e-01     5.849481225013733e-01
    2.929899930953979e+00    -2.064381167292595e-02    -8.027378320693970e-01     5.959746241569519e-01
    2.765641212463379e+00    -8.944144099950790e-02     3.317004740238190e-01     9.391351938247681e-01
    4.401138722896576e-01    -2.243360504508018e-02     3.384282886981964e-01     9.407247304916382e-01
    1.101826310157776e+00     3.674321174621582e-01    -2.873440980911255e-01    -8.845490217208862e-01
    2.122869968414307e+00     3.896283507347107e-01    -5.529369115829468e-01     7.365124225616455e-01
    6.967948079109192e-01     4.892494156956673e-02    -4.284209311008453e-01     9.022537469863892e-01
    1.346736192703247e+00     4.179635941982269e-01    -6.326763033866882e-01    -6.519411206245422e-01
    1.360535502433777e+00    -8.147851228713989e-01     4.825037717819214e-01     3.214269876480103e-01
    1.158945679664612e+00     4.664891958236694e-02    -7.163285613059998e-01     6.962020397186279e-01
    2.556633710861206e+00     4.012517929077148e-01    -1.163687109947205e-01    -9.085456728935242e-01
    1.782254815101624e+00     9.882235527038574e-01    -1.464204341173172e-01     4.444428533315659e-02
    8.928438425064087e-01     1.996013373136520e-01     3.410093188285828e-01     9.186250567436218e-01
    2.721018314361572e+00     5.913303494453430e-01     7.877334356307983e-01    -1.726393550634384e-01
    5.913234353065491e-01     5.147727727890015e-01     8.347941040992737e-01    -1.952637284994125e-01
    2.662482500076294e+00     4.697792530059814e-01    -7.101962566375732e-01     5.243364572525024e-01
    2.166027784347534e+00     4.948803484439850e-01    -8.039375543594360e-01     3.298149406909943e-01
    2.265638828277588e+00     2.110107839107513e-01    -8.499286174774170e-01    -4.828000962734222e-01
    1.620398759841919e+00     5.862065032124519e-02    -4.039545953273773e-01    -9.128987789154053e-01
    2.728218317031860e+00     9.247519969940186e-01     1.117367222905159e-01     3.637975156307220e-01
    2.747536420822144e+00     8.674593567848206e-01    -4.267263710498810e-01    -2.557710409164429e-01
    8.226261734962463e-01     5.970429778099060e-01     7.726727724075317e-01    -2.156769037246704e-01
    2.137183427810669e+00    -1.062907502055168e-01     8.661203384399414e-01     4.884034395217896e-01
    2.560612440109253e+00    -1.943838298320770e-01    -7.281265854835510e-01     6.573024988174438e-01
    2.150904417037964e+00     3.421277999877930e-01     5.762814879417419e-01    -7.421914935112000e-01
    1.290030837059021e+00    -8.982267975807190e-01     4.298715889453888e-01     9.164633601903915e-02
    2.029693603515625e+00     5.579385161399841e-01    -5.501115918159485e-01     6.213548779487610e-01
    2.891749143600464e+00    -9.864874482154846e-01     1.499086022377014e-01     6.610519438982010e-02
    2.708744287490845e+00    -4.158424735069275e-01     8.848838210105896e-01     2.098940312862396e-01
    1.979247093200684e+00     7.103673219680786e-01     4.538481533527374e-01     5.379591584205627e-01
    4.680309593677521e-01     5.793016552925110e-01    -7.885018587112427e-01    -2.065778225660324e-01
    1.585740804672241e+00    -6.920011043548584e-01    -6.745032668113708e-01     2.572545409202576e-01
    1.598573446273804e+00     3.806908428668976e-01    -9.244751334190369e-01     2.050059288740158e-02
    1.006067991256714e+00     4.062584936618805e-01    -9.131791591644287e-01     3.252462670207024e-02
    1.070960164070129e+00     9.592857956886292e-01    -2.381975352764130e-01     1.517653465270996e-01
    1.305256843566895e+00    -9.426950216293335e-01    -2.960718572139740e-01     1.538424193859100e-01
    1.443834185600281e+00     4.198278784751892e-01    -7.388562560081482e-01     5.271015763282776e-01
    2.807880640029907e+00     8.773962855339050e-01     1.897177398204803e-01     4.406619966030121e-01
    1.922343730926514e+00     9.713263511657715e-01     2.595402300357819e-02     2.363292127847672e-01
    2.795659780502319e+00     3.646546900272369e-01    -9.230734705924988e-01    -1.223203465342522e-01
    1.720595479011536e+00    -7.453206777572632e-01    -5.119545459747314e-01    -4.270827770233154e-01
    1.058114647865295e+00    -5.551521778106689e-01     1.032761950045824e-02    -8.316847085952759e-01
    9.540642499923706e-01    -5.749536156654358e-01     4.884697496891022e-01     6.563732028007507e-01
    1.789782881736755e+00    -5.874329060316086e-02     9.980125427246094e-01    -2.280694432556629e-02
    1.403558969497681e+00    -1.585619524121284e-02     4.980292171239853e-02    -9.986331462860107e-01
    1.285264372825623e+00    -5.632938146591187e-01     6.730780005455017e-01     4.792349636554718e-01
    2.214707612991333e+00     9.426121115684509e-01    -1.772045344114304e-02     3.334191143512726e-01
    1.462658882141113e+00     2.300447672605515e-01    -8.885596394538879e-01    -3.969147205352783e-01
    4.898342192173004e-01    -8.278706073760986e-01    -5.523013472557068e-01    -9.794615209102631e-02
    2.244649410247803e+00     4.456755816936493e-01    -5.080644488334656e-01    -7.370507717132568e-01
    1.687853574752808e+00    -2.303113639354706e-01     4.049512445926666e-01     8.848565816879272e-01
    2.635266304016113e+00     3.432982265949249e-01     3.262349069118500e-01    -8.807480335235596e-01
    1.664337038993835e+00    -8.221171498298645e-01    -5.597508549690247e-01    -1.039338111877441e-01
    9.188943505287170e-01     3.546726107597351e-01    -8.157321810722351e-01    -4.569336175918579e-01
    1.320944786071777e+00    -7.621624469757080e-01    -1.060857549309731e-01    -6.386346220970154e-01
    2.685888290405273e+00     4.078175723552704e-01     8.596064448356628e-01     3.078338801860809e-01
    2.747219562530518e+00     9.203628301620483e-01    -6.320329010486603e-02    -3.859243094921112e-01
    8.060038089752197e-01     3.137793540954590e-01    -7.806801199913025e-01     5.404452085494995e-01
    2.173920154571533e+00     7.853773981332779e-02     9.968775510787964e-01     8.182426914572716e-03
    1.924247741699219e+00     8.901455998420715e-02     7.594402432441711e-01     6.444586515426636e-01
    1.423880815505981e+00     4.981388747692108e-01     7.094692587852478e-01     4.985088109970093e-01
    1.620358347892761e+00     7.629200816154480e-01    -5.633482336997986e-01     3.171619772911072e-01
    1.620099067687988e+00    -4.556610882282257e-01    -5.185379832983017e-02     8.886417150497437e-01
    1.821954965591431e+00    -2.907577753067017e-01    -2.451632618904114e-01     9.248539805412292e-01
    1.996576547622681e+00    -2.504380345344543e-01     7.958822846412659e-01    -5.512279868125916e-01
    2.648379564285278e+00    -8.588159084320068e-01    -1.444373875856400e-01    -4.915007054805756e-01
    2.173367023468018e+00     6.225204467773438e-01    -7.546856403350830e-01    -2.071667909622192e-01
    2.082857608795166e+00     7.447117567062378e-01    -9.477876126766205e-02     6.606220006942749e-01
    2.949330091476440e+00    -1.678225845098495e-01    -6.949471235275269e-01     6.992023587226868e-01
    1.412610769271851e+00    -4.754310548305511e-01    -4.230452775955200e-01    -7.713611125946045e-01
    2.023176193237305e+00     2.728013992309570e-01     2.921315431594849e-01     9.166452288627625e-01
    9.656518697738647e-01     2.465972304344177e-01    -2.371487617492676e-01     9.396543502807617e-01
    1.116717457771301e+00    -8.448217511177063e-01    -6.233121454715729e-02    -5.314047336578369e-01
    2.246852159500122e+00     5.230128765106201e-01    -3.108710944652557e-01    -7.936099171638489e-01
    8.536002635955811e-01    -7.754704356193542e-01     1.900046169757843e-01    -6.021161675453186e-01
    1.986086010932922e+00     4.097072035074234e-02    -5.451032519340515e-02    -9.976723194122314e-01
    1.295301437377930e+00    -2.978866994380951e-01     8.347383737564087e-01    -4.631148874759674e-01
    1.268327832221985e+00     1.018299609422684e-01    -1.652830690145493e-01     9.809751510620117e-01
    1.015782594680786e+00    -4.715684950351715e-01    -3.248957395553589e-01    -8.197962045669556e-01
    2.053126573562622e+00     5.730811953544617e-01    -1.301639825105667e-01    -8.090953230857849e-01
    9.552624821662903e-01    -7.859084606170654e-01     6.016979925334454e-03    -6.183136105537415e-01
    1.068956136703491e+00     1.872003674507141e-01    -6.147646307945251e-01    -7.661726474761963e-01
    7.928491234779358e-01    -2.443639189004898e-01     1.729875989258289e-02    -9.695293307304382e-01
    5.869749784469604e-01    -3.817987740039825e-01     7.328372597694397e-01    -5.631867647171021e-01
    2.385077476501465e+00    -4.534733593463898e-01    -8.886209726333618e-01     6.866325438022614e-02
