   -2.452887222170830e-02
   -1.955061033368111e-02
   -2.587956935167313e-02
   -2.147751115262508e-02
   -2.680736780166626e-02
   -1.653269678354263e-02
   -2.488235197961330e-02
   -2.173106744885445e-02
   -2.676164172589779e-02
   -1.859712414443493e-02
   -2.612287178635597e-02
   -2.563127689063549e-02
   -2.321211621165276e-02
   -2.757475152611732e-02
   -3.270849958062172e-02
   -1.653410121798515e-02
   -2.694678865373135e-02
   -3.056620806455612e-02
   -2.272237464785576e-02
   -2.454412914812565e-02
   -2.547110430896282e-02
   -2.090182900428772e-02
   -3.602026402950287e-02
   -1.541811414062977e-02
   -3.590900450944901e-02
   -2.565056085586548e-02
   -2.482020109891891e-02
   -3.108832240104675e-02
   -2.558107301592827e-02
   -1.973809488117695e-02
   -2.307680249214172e-02
   -3.327181190252304e-02
   -2.670639939606190e-02
   -3.307057544589043e-02
   -2.685927040874958e-02
   -1.941806264221668e-02
   -1.417417731136084e-02
   -3.357610106468201e-02
   -2.702316083014011e-02
   -2.223929390311241e-02
   -1.632995158433914e-02
   -2.817286923527718e-02
   -2.563870325684547e-02
   -2.121622301638126e-02
   -1.764343306422234e-02
   -2.908448129892349e-02
   -2.777000516653061e-02
   -2.851016074419022e-02
   -3.020930290222168e-02
   -3.255459666252136e-02
   -2.729918621480465e-02
   -2.102117799222469e-02
   -3.459461033344269e-02
   -2.275928854942322e-02
   -1.844612881541252e-02
   -3.556283563375473e-02
   -2.642645500600338e-02
   -2.994187921285629e-02
   -2.003606408834457e-02
   -2.762824855744839e-02
   -3.187648206949234e-02
   -2.889669500291348e-02
   -2.418169751763344e-02
   -2.898574993014336e-02
   -2.041042223572731e-02
   -2.284785546362400e-02
   -3.493430465459824e-02
   -1.921097002923489e-02
   -2.044287696480751e-02
   -1.842668652534485e-02
   -2.632462233304977e-02
   -2.701640687882900e-02
   -3.809259831905365e-02
   -2.212221547961235e-02
   -3.484504669904709e-02
   -2.955445274710655e-02
   -3.477681428194046e-02
   -3.495771065354347e-02
   -2.209268696606159e-02
   -2.689945511519909e-02
   -1.950387470424175e-02
   -2.782424166798592e-02
   -2.999580651521683e-02
   -2.214539796113968e-02
   -3.732003271579742e-02
   -2.988038957118988e-02
   -2.088981121778488e-02
   -3.157098591327667e-02
   -2.034226804971695e-02
   -1.762207970023155e-02
   -2.587849646806717e-02
   -1.498940400779247e-02
   -3.027417697012424e-02
   -3.456030786037445e-02
   -2.164173498749733e-02
   -3.372657671570778e-02
   -1.611118391156197e-02
   -2.422948926687241e-02
   -3.050911612808704e-02
   -3.330761566758156e-02
   -2.763554267585278e-02
   -1.946715638041496e-02
   -3.059271536767483e-02
   -3.755931183695793e-02
   -2.704617753624916e-02
   -1.437968667596579e-02
   -2.073865756392479e-02
   -3.030113317072392e-02
   -3.037495911121368e-02
   -3.220441937446594e-02
   -3.117011860013008e-02
   -2.210881002247334e-02
   -2.300217747688293e-02
   -3.132446110248566e-02
   -2.707625366747379e-02
   -2.796933241188526e-02
   -2.700139023363590e-02
   -3.315741568803787e-02
   -3.412722423672676e-02
   -1.808116026222706e-02
   -3.006714209914207e-02
   -3.247939050197601e-02
   -2.627571299672127e-02
   -2.695271559059620e-02
   -3.046672046184540e-02
   -1.808255538344383e-02
   -2.003479003906250e-02
   -2.394509315490723e-02
   -3.110682033002377e-02
   -2.662233076989651e-02
   -2.824275195598602e-02
   -3.127851337194443e-02
   -2.880802936851978e-02
   -1.683901995420456e-02
   -1.396342180669308e-02
   -2.037096023559570e-02
   -2.905650064349174e-02
   -3.029696270823479e-02
   -1.592303439974785e-02
   -3.567827492952347e-02
   -3.364662826061249e-02
   -2.729054540395737e-02
   -2.088183909654617e-02
   -2.202727645635605e-02
   -2.129578031599522e-02
   -2.972444519400597e-02
   -2.710494026541710e-02
   -2.604782767593861e-02
   -1.607691496610641e-02
   -2.029431238770485e-02
   -1.496231090277433e-02
   -3.082368150353432e-02
   -2.212345227599144e-02
   -2.258199453353882e-02
   -3.376458585262299e-02
   -2.194507047533989e-02
   -3.216799721121788e-02
   -2.019720152020454e-02
   -3.688938915729523e-02
   -2.249803580343723e-02
   -2.901006676256657e-02
   -1.724890433251858e-02
   -3.269572556018829e-02
   -2.957145683467388e-02
   -3.375215083360672e-02
   -3.214269131422043e-02
   -2.872417308390141e-02
   -2.099196612834930e-02
   -2.181180752813816e-02
   -2.224504202604294e-02
   -3.235602378845215e-02
   -3.420203179121017e-02
   -3.348072618246078e-02
   -1.811957918107510e-02
   -2.264688909053802e-02
   -1.926300860941410e-02
   -3.185463324189186e-02
   -1.588403806090355e-02
   -2.924647182226181e-02
   -3.065890260040760e-02
   -2.513461560010910e-02
   -3.037800826132298e-02
   -1.884319260716438e-02
   -2.732414565980434e-02
   -2.352561987936497e-02
   -2.141667529940605e-02
   -1.652477681636810e-02
   -2.139842696487904e-02
   -1.394578348845243e-02
   -1.759951561689377e-02
   -2.942976355552673e-02
   -2.953499928116798e-02
   -3.497561812400818e-02
   -3.230871260166168e-02
   -3.281786665320396e-02
   -2.956089191138744e-02
   -2.001081034541130e-02
   -1.982240006327629e-02
   -3.001265600323677e-02
   -2.503187768161297e-02
   -2.651852741837502e-02
   -1.664609648287296e-02
   -1.985561847686768e-02
   -2.675157040357590e-02
   -3.312902897596359e-02
   -2.302373386919498e-02
   -1.811507716774940e-02
   -2.236572280526161e-02
   -3.509882092475891e-02
   -1.873224228620529e-02
   -2.437325939536095e-02
   -3.258670121431351e-02
   -2.140580862760544e-02
   -2.323652245104313e-02
   -1.509375125169754e-02
   -1.935825496912003e-02
   -3.026560321450233e-02
   -3.363974764943123e-02
   -3.395388647913933e-02
   -1.863634213805199e-02
   -2.491682395339012e-02
   -3.271741420030594e-02
   -3.455046936869621e-02
   -3.300041705369949e-02
   -3.402949497103691e-02
   -2.459956333041191e-02
   -1.862915232777596e-02
   -3.631845489144325e-02
   -3.315233439207077e-02
   -3.326424211263657e-02
   -2.798960357904434e-02
   -1.985715329647064e-02
   -1.907837018370628e-02
   -2.215923182666302e-02
   -2.893739566206932e-02
   -2.687452547252178e-02
   -3.156163543462753e-02
   -2.369118481874466e-02
   -2.662984654307365e-02
   -2.483037114143372e-02
   -2.795053832232952e-02
   -2.115053124725819e-02
   -2.644074521958828e-02
   -3.386857360601425e-02
   -3.076510131359100e-02
   -1.916600763797760e-02
   -1.620980910956860e-02
   -2.386272698640823e-02
   -1.509431190788746e-02
   -2.673369273543358e-02
   -2.333235926926136e-02
   -2.062602527439594e-02
   -2.612500637769699e-02
   -2.268103323876858e-02
   -2.354703098535538e-02
   -1.846000552177429e-02
   -2.478456497192383e-02
   -2.131832204759121e-02
   -1.903934963047504e-02
   -1.905687898397446e-02
   -1.988027431070805e-02
   -2.475485205650330e-02
   -2.285657078027725e-02
   -1.649412512779236e-02
   -2.154002711176872e-02
   -2.544514276087284e-02
   -3.386416658759117e-02
   -3.008716925978661e-02
   -2.025632560253143e-02
   -2.167790010571480e-02
   -2.303276024758816e-02
   -2.295099943876266e-02
   -3.272067010402679e-02
   -2.576239220798016e-02
   -2.910390682518482e-02
   -1.828176155686378e-02
   -2.235222607851028e-02
   -2.341305091977119e-02
   -2.897870913147926e-02
   -3.381533920764923e-02
   -2.181896939873695e-02
   -3.275658190250397e-02
   -3.392563015222549e-02
   -2.898567169904709e-02
   -2.884614095091820e-02
   -2.742090635001659e-02
   -3.093044832348824e-02
   -2.842967212200165e-02
   -2.856918424367905e-02
   -2.282318100333214e-02
   -1.993202045559883e-02
   -2.510994113981724e-02
   -3.345684707164764e-02
   -3.219652920961380e-02
   -1.634914055466652e-02
   -3.501211106777191e-02
   -1.853021420538425e-02
   -2.340665832161903e-02
   -3.354458138346672e-02
   -2.040379494428635e-02
   -1.457862835377455e-02
   -2.147282846271992e-02
   -2.568492665886879e-02
   -2.039189636707306e-02
   -1.796104758977890e-02
   -3.186529874801636e-02
   -3.061987459659576e-02
   -1.665736921131611e-02
   -3.248069435358047e-02
   -3.327846899628639e-02
   -2.739032357931137e-02
   -2.669646963477135e-02
   -2.798710949718952e-02
   -1.843764260411263e-02
   -2.540609985589981e-02
   -1.866570487618446e-02
   -2.079649269580841e-02
   -2.913970127701759e-02
   -2.213908545672894e-02
   -2.010475844144821e-02
   -2.258289605379105e-02
   -3.390082716941833e-02
   -2.063222602009773e-02
   -1.888446509838104e-02
   -2.193906344473362e-02
   -1.736286841332912e-02
   -2.580552175641060e-02
   -2.233328670263290e-02
   -2.342569455504417e-02
   -2.867707237601280e-02
   -2.737631835043430e-02
   -2.968536317348480e-02
   -2.383273094892502e-02
   -3.049837052822113e-02
   -3.073405660688877e-02
   -3.362367302179337e-02
   -1.667629554867744e-02
   -2.662946470081806e-02
   -3.372716903686523e-02
   -3.328497707843781e-02
   -3.211844712495804e-02
   -3.063745982944965e-02
   -2.928972616791725e-02
   -2.873256802558899e-02
   -2.220572158694267e-02
   -2.357012405991554e-02
   -2.926034852862358e-02
   -2.455005422234535e-02
   -3.626678511500359e-02
   -2.166797034442425e-02
   -2.476664446294308e-02
   -2.420909330248833e-02
   -3.623460978269577e-02
   -1.682656630873680e-02
   -2.423842996358871e-02
   -3.139417618513107e-02
   -2.740362659096718e-02
   -2.901969105005264e-02
   -3.369180113077164e-02
   -1.902176439762115e-02
   -3.303043544292450e-02
   -2.808241546154022e-02
   -2.940299175679684e-02
   -1.976970769464970e-02
   -3.496471792459488e-02
   -2.545734867453575e-02
   -2.917302213609219e-02
   -3.560525178909302e-02
   -2.803735062479973e-02
   -2.708930149674416e-02
   -2.448322623968124e-02
   -2.047947421669960e-02
   -3.130108118057251e-02
   -1.572898775339127e-02
   -2.052475325763226e-02
   -3.089709021151066e-02
   -3.797886893153191e-02
   -2.659577503800392e-02
   -2.060789614915848e-02
   -2.809314802289009e-02
   -3.438203036785126e-02
   -3.137678653001785e-02
   -2.559611387550831e-02
   -2.376688830554485e-02
   -2.336763218045235e-02
   -3.316791355609894e-02
   -3.716467693448067e-02
   -3.102292306721210e-02
   -1.949263922870159e-02
   -2.417813614010811e-02
   -1.934354379773140e-02
   -3.547713905572891e-02
   -1.917710341513157e-02
   -2.071583457291126e-02
   -3.231986612081528e-02
   -2.330218814313412e-02
   -3.049444220960140e-02
   -1.984872110188007e-02
   -2.236706204712391e-02
   -1.889245584607124e-02
   -3.250644728541374e-02
   -2.069751359522343e-02
   -1.817988045513630e-02
   -2.489834837615490e-02
   -3.525679931044579e-02
   -2.846528775990009e-02
   -2.916105277836323e-02
   -2.508336678147316e-02
   -1.948460191488266e-02
   -2.562866359949112e-02
   -1.492844242602587e-02
   -2.265390567481518e-02
   -1.854291185736656e-02
   -1.857065409421921e-02
   -2.994987182319164e-02
   -2.520191669464111e-02
   -1.575041562318802e-02
   -2.625392936170101e-02
   -2.691801637411118e-02
   -2.290781214833260e-02
   -3.415720537304878e-02
   -2.046194672584534e-02
   -2.685629017651081e-02
   -3.538853302598000e-02
   -1.966532319784164e-02
   -2.438007667660713e-02
   -3.544649854302406e-02
   -2.533690258860588e-02
   -2.903219126164913e-02
   -2.121911570429802e-02
   -2.397589199244976e-02
   -1.764901168644428e-02
   -3.061457537114620e-02
   -2.792095765471458e-02
   -3.299349918961525e-02
   -3.019249625504017e-02
   -3.263019770383835e-02
   -2.979654259979725e-02
   -3.525648638606071e-02
   -1.823269017040730e-02
   -3.561275452375412e-02
   -3.502278402447701e-02
   -3.273238241672516e-02
   -1.739042624831200e-02
   -3.022124990820885e-02
   -2.288741990923882e-02
   -2.768511697649956e-02
   -2.060875855386257e-02
   -1.499436516314745e-02
   -2.823377028107643e-02
   -3.012020327150822e-02
   -2.866420708596706e-02
   -2.948168292641640e-02
   -2.960452996194363e-02
   -2.370728366076946e-02
   -1.671836897730827e-02
   -1.940092071890831e-02
   -2.007723972201347e-02
   -3.104552999138832e-02
   -1.738563738763332e-02
   -2.880214154720306e-02
   -2.838874980807304e-02
   -2.007465437054634e-02
   -1.629795134067535e-02
   -3.206555172801018e-02
   -2.838244475424290e-02
   -2.390375360846519e-02
   -1.847799122333527e-02
   -1.799098215997219e-02
   -3.084208071231842e-02
   -3.382808715105057e-02
   -3.181541711091995e-02
   -2.279124036431313e-02
   -2.745993807911873e-02
   -3.015487454831600e-02
   -3.241513669490814e-02
   -1.532140187919140e-02
   -2.243532240390778e-02
   -1.605409756302834e-02
   -3.334157541394234e-02
   -2.893237210810184e-02
   -2.932393923401833e-02
   -2.441415935754776e-02
   -2.515754476189613e-02
   -1.809175685048103e-02
   -1.973312906920910e-02
   -2.478970773518085e-02
   -2.350161783397198e-02
   -1.620826870203018e-02
   -2.150419168174267e-02
   -2.507532201707363e-02
   -2.982383407652378e-02
   -2.856596186757088e-02
   -2.895692177116871e-02
   -2.547270059585571e-02
   -1.403405796736479e-02
   -2.430918067693710e-02
   -2.365586161613464e-02
   -1.926110684871674e-02
   -3.109393082559109e-02
