   -2.119715884327888e-02
   -1.955061033368111e-02
   -8.414295502007008e-03
   -1.096007507294416e-02
   -3.193201730027795e-03
   -2.296190010383725e-03
   -4.637155681848526e-03
   -2.173106744885445e-02
   -2.676164172589779e-02
   -3.085877979174256e-03
   -2.971315290778875e-03
   -1.508796587586403e-02
   -1.365151070058346e-02
   -8.124222978949547e-03
   -2.168402448296547e-02
   -1.886952668428421e-03
   -3.755558514967561e-03
   -3.056620806455612e-02
   -6.216611247509718e-03
   -2.454412914812565e-02
   -2.547110430896282e-02
   -3.969857934862375e-03
   -1.883827149868011e-02
   -3.921002615243196e-03
   -3.590900450944901e-02
   -3.506822045892477e-03
   -8.406373672187328e-03
   -8.760994300246239e-03
   -2.558107301592827e-02
   -3.299518954008818e-03
   -2.908472437411547e-03
   -2.339502424001694e-02
   -9.518916718661785e-03
   -3.242333978414536e-02
   -2.685927040874958e-02
   -3.170260926708579e-03
   -1.698870793916285e-03
   -1.736289635300636e-02
   -1.124077010899782e-02
   -2.223929390311241e-02
   -4.783630836755037e-03
   -9.218145161867142e-03
   -9.008242748677731e-03
   -1.444831769913435e-02
   -2.060440136119723e-03
   -3.388321958482265e-03
   -7.245859596878290e-03
   -2.851016074419022e-02
   -6.148204673081636e-03
   -5.264319479465485e-03
   -3.196996171027422e-03
   -3.078949870541692e-03
   -2.664356306195259e-02
   -6.211655680090189e-03
   -7.285145577043295e-03
   -1.291516702622175e-02
   -2.642645500600338e-02
   -3.547375788912177e-03
   -1.644707657396793e-02
   -2.762824855744839e-02
   -6.971837952733040e-03
   -3.340415889397264e-03
   -5.358759779483080e-03
   -3.509192727506161e-03
   -1.688342727720737e-02
   -2.284785546362400e-02
   -3.493430465459824e-02
   -5.156660452485085e-03
   -5.752906203269958e-03
   -5.262835882604122e-03
   -2.632462233304977e-02
   -1.926917396485806e-02
   -2.818077988922596e-02
   -3.158136038109660e-03
   -2.067196555435658e-02
   -2.955445274710655e-02
   -1.574300415813923e-02
   -1.545600499957800e-02
   -2.209268696606159e-02
   -3.045468125492334e-03
   -9.528993628919125e-03
   -3.364152507856488e-03
   -5.074257496744394e-03
   -5.519874859601259e-03
   -3.208712115883827e-02
   -1.588008180260658e-02
   -2.088981121778488e-02
   -7.644533179700375e-03
   -3.609606763347983e-03
   -6.027933675795794e-03
   -2.587849646806717e-02
   -2.174814464524388e-03
   -5.835811141878366e-03
   -1.891439221799374e-02
   -2.809711266309023e-03
   -3.372657671570778e-02
   -3.624500939622521e-03
   -1.809546165168285e-02
   -2.513185329735279e-02
   -3.330761566758156e-02
   -1.641919091343880e-02
   -2.560892142355442e-03
   -6.173628848046064e-03
   -3.755931183695793e-02
   -3.100807778537273e-03
   -2.123907674103975e-03
   -6.758525501936674e-03
   -3.378497436642647e-03
   -3.627046011388302e-03
   -4.155765287578106e-03
   -5.297407507896423e-03
   -4.782581701874733e-03
   -6.119510158896446e-03
   -3.630099818110466e-03
   -1.007400732487440e-02
   -3.388167824596167e-03
   -2.700139023363590e-02
   -3.315741568803787e-02
   -3.167106583714485e-02
   -2.026296686381102e-03
   -1.080851722508669e-02
   -9.298780001699924e-03
   -1.083709206432104e-02
   -2.695271559059620e-02
   -7.810182403773069e-03
   -4.911064170300961e-03
   -3.169124945998192e-03
   -2.394509315490723e-02
   -4.235784523189068e-03
   -4.965867847204208e-03
   -5.202204454690218e-03
   -2.815410867333412e-02
   -2.880802936851978e-02
   -1.935984706506133e-03
   -2.131263259798288e-03
   -2.687334781512618e-03
   -2.905650064349174e-02
   -2.726417034864426e-02
   -3.655649023130536e-03
   -3.199469298124313e-02
   -7.604545913636684e-03
   -3.140365472063422e-03
   -1.283026393502951e-02
   -2.202727645635605e-02
   -2.641187282279134e-03
   -4.401397425681353e-03
   -8.229965344071388e-03
   -4.061481449753046e-03
   -5.317261908203363e-03
   -2.464487450197339e-03
   -2.930003218352795e-03
   -3.687987569719553e-03
   -2.212345227599144e-02
   -5.165216047316790e-03
   -1.072982884943485e-02
   -2.194507047533989e-02
   -3.216799721121788e-02
   -2.483974210917950e-03
   -3.688938915729523e-02
   -2.249803580343723e-02
   -2.472095191478729e-02
   -6.950937211513519e-03
   -7.432894781231880e-03
   -7.568832952529192e-03
   -6.673136260360479e-03
   -5.403923802077770e-03
   -3.901094198226929e-03
   -2.099196612834930e-02
   -6.058683153241873e-03
   -5.767350550740957e-03
   -3.943221177905798e-03
   -2.287866920232773e-02
   -9.743062779307365e-03
   -1.157501619309187e-02
   -2.264688909053802e-02
   -9.572226554155350e-03
   -1.728023588657379e-02
   -1.981757814064622e-03
   -3.479704726487398e-03
   -3.065890260040760e-02
   -1.235500350594521e-02
   -6.497058086097240e-03
   -1.884319260716438e-02
   -6.474241614341736e-03
   -7.416493725031614e-03
   -2.501413226127625e-03
   -5.022832192480564e-03
   -1.018333341926336e-02
   -1.895573688670993e-03
   -7.908164523541927e-03
   -1.528475061058998e-02
   -3.740634769201279e-03
   -3.497561812400818e-02
   -1.530792564153671e-02
   -5.564944818615913e-03
   -7.065823767334223e-03
   -6.837777327746153e-03
   -2.694567665457726e-03
   -7.344806566834450e-03
   -2.503187768161297e-02
   -2.651852741837502e-02
   -2.278640400618315e-03
   -1.683078333735466e-02
   -1.094974763691425e-02
   -6.670803762972355e-03
   -2.302373386919498e-02
   -3.689904464408755e-03
   -9.517071768641472e-03
   -1.158535946160555e-02
   -2.932213479653001e-03
   -7.760997861623764e-03
   -1.095072273164988e-02
   -5.611168220639229e-03
   -4.341177176684141e-03
   -2.282815286889672e-03
   -8.330678567290306e-03
   -5.576013587415218e-03
   -6.117419339716434e-03
   -1.026894524693489e-02
   -5.783021450042725e-03
   -8.627996779978275e-03
   -1.527137868106365e-02
   -2.750403992831707e-02
   -4.483439959585667e-03
   -1.764731295406818e-02
   -2.459956333041191e-02
   -2.974915551021695e-03
   -2.620579488575459e-02
   -1.909139007329941e-02
   -3.326424211263657e-02
   -6.587031297385693e-03
   -1.070471294224262e-02
   -1.907837018370628e-02
   -5.117332562804222e-03
   -5.137789528816938e-03
   -6.281338166445494e-03
   -3.156163543462753e-02
   -4.002145025879145e-03
   -2.662984654307365e-02
   -2.483037114143372e-02
   -2.795053832232952e-02
   -4.951805341988802e-03
   -2.188811264932156e-02
   -2.420495450496674e-02
   -4.113206639885902e-03
   -1.467029377818108e-02
   -4.089726135134697e-03
   -4.397891461849213e-03
   -3.056206740438938e-03
   -3.501998493447900e-03
   -6.861085072159767e-03
   -1.060344744473696e-02
   -3.298808354884386e-03
   -3.818023949861526e-03
   -4.941151943057775e-03
   -5.272400565445423e-03
   -5.929925478994846e-03
   -2.131832204759121e-02
   -1.150992326438427e-02
   -1.905687898397446e-02
   -1.988027431070805e-02
   -4.108190536499023e-03
   -2.677981741726398e-03
   -4.897159058600664e-03
   -2.154002711176872e-02
   -2.228972688317299e-02
   -5.980716086924076e-03
   -3.549928776919842e-03
   -9.203466586768627e-03
   -7.067107129842043e-03
   -2.132742293179035e-02
   -4.025666043162346e-03
   -3.644605167210102e-03
   -2.576239220798016e-02
   -2.073170244693756e-02
   -1.828176155686378e-02
   -2.564489375799894e-03
   -2.341305091977119e-02
   -7.463115733116865e-03
   -3.381533920764923e-02
   -7.026272360235453e-03
   -3.275658190250397e-02
   -5.599081981927156e-03
   -3.662265837192535e-03
   -3.522523678839207e-03
   -1.130160875618458e-02
   -8.798128925263882e-03
   -2.842967212200165e-02
   -2.856918424367905e-02
   -2.282318100333214e-02
   -7.378207053989172e-03
   -3.622712334617972e-03
   -7.192290853708982e-03
   -1.658091880381107e-02
   -2.520360052585602e-03
   -9.284442290663719e-03
   -3.244265681132674e-03
   -3.194433636963367e-03
   -6.483374163508415e-03
   -1.792241260409355e-02
   -1.899961964227259e-03
   -3.879676572978497e-03
   -8.060151711106300e-03
   -1.692415028810501e-02
   -8.315294981002808e-03
   -5.880736745893955e-03
   -5.313084460794926e-03
   -2.116902964189649e-03
   -6.815878674387932e-03
   -2.754720114171505e-02
   -2.739032357931137e-02
   -9.310618042945862e-03
   -8.043926209211349e-03
   -1.843764260411263e-02
   -3.665154799818993e-03
   -4.792353138327599e-03
   -2.079649269580841e-02
   -8.568006567656994e-03
   -1.589459739625454e-02
   -1.450726389884949e-02
   -2.063746191561222e-02
   -1.320049446076155e-02
   -2.063222602009773e-02
   -3.699769265949726e-03
   -5.132372956722975e-03
   -7.484849542379379e-03
   -2.580552175641060e-02
   -2.233328670263290e-02
   -1.575835607945919e-02
   -2.867707237601280e-02
   -3.901937045156956e-03
   -6.019770167768002e-03
   -2.130587957799435e-02
   -3.049837052822113e-02
   -5.123390350490808e-03
   -3.362367302179337e-02
   -4.146185703575611e-03
   -1.718565635383129e-02
   -1.039284188300371e-02
   -4.851278848946095e-03
   -3.211844712495804e-02
   -7.187649607658386e-03
   -4.468393046408892e-03
   -1.250221952795982e-02
   -2.220572158694267e-02
   -8.960768580436707e-03
   -1.224234420806170e-02
   -2.455005422234535e-02
   -3.626678511500359e-02
   -2.166797034442425e-02
   -2.761027077212930e-03
   -1.092544477432966e-02
   -1.589211821556091e-02
   -5.471185781061649e-03
   -9.515101090073586e-03
   -3.515358781442046e-03
   -2.740362659096718e-02
   -1.344942580908537e-02
   -8.520164526998997e-03
   -4.856673534959555e-03
   -5.648633930832148e-03
   -6.130088120698929e-03
   -3.530502319335938e-03
   -4.345692228525877e-03
   -3.496471792459488e-02
   -8.845848962664604e-03
   -3.344007767736912e-03
   -1.817973889410496e-02
   -2.803735062479973e-02
   -8.036521263420582e-03
   -6.344266235828400e-03
   -3.549388842657208e-03
   -8.480600081384182e-03
   -4.309467971324921e-03
   -2.052475325763226e-02
   -3.089709021151066e-02
   -2.724827826023102e-02
   -2.659577503800392e-02
   -1.351725310087204e-02
   -4.309816285967827e-03
   -9.020321071147919e-03
   -3.907141741365194e-03
   -6.783129181712866e-03
   -5.056686233729124e-03
   -2.336763218045235e-02
   -1.534549426287413e-02
   -2.445302158594131e-02
   -8.223026990890503e-03
   -3.990781027823687e-03
   -2.203644998371601e-02
   -8.918389678001404e-03
   -2.369221672415733e-02
   -3.355050692334771e-03
   -8.105491288006306e-03
   -1.310451235622168e-02
   -3.924200311303139e-03
   -2.721422538161278e-02
   -3.104148199781775e-03
   -1.353496313095093e-02
   -3.068375168368220e-03
   -1.316685974597931e-02
   -2.069751359522343e-02
   -9.841237217187881e-03
   -3.126653609797359e-03
   -1.330352388322353e-02
   -1.385759189724922e-02
   -4.992259666323662e-03
   -3.955816850066185e-03
   -1.506442856043577e-02
   -2.562866359949112e-02
   -1.741259940899909e-03
   -6.555197294801474e-03
   -1.015981193631887e-02
   -6.036393344402313e-03
   -4.198422655463219e-03
   -2.520191669464111e-02
   -2.048916416242719e-03
   -1.503311470150948e-02
   -1.877677068114281e-02
   -3.489670110866427e-03
   -3.415720537304878e-02
   -2.046194672584534e-02
   -1.300301216542721e-02
   -3.538853302598000e-02
   -1.966532319784164e-02
   -2.438007667660713e-02
   -2.301734685897827e-02
   -5.693276878446341e-03
   -4.504091572016478e-03
   -2.121911570429802e-02
   -2.695922972634435e-03
   -9.174418635666370e-03
   -6.434997078031301e-03
   -1.418278180062771e-02
   -1.225866377353668e-02
   -7.140015251934528e-03
   -8.828042075037956e-03
   -7.653875276446342e-03
   -1.012067217379808e-02
   -2.285272581502795e-03
   -3.426187857985497e-02
   -3.502278402447701e-02
   -2.101788856089115e-02
   -6.022758781909943e-03
   -7.919933646917343e-03
   -3.249403554946184e-03
   -9.074024856090546e-03
   -2.060875855386257e-02
   -2.239751629531384e-03
   -9.915017522871494e-03
   -1.243778690695763e-02
   -2.866420708596706e-02
   -3.613022854551673e-03
   -3.911116626113653e-03
   -3.632085630670190e-03
   -5.222402513027191e-03
   -8.488398045301437e-03
   -6.037049461156130e-03
   -4.268734715878963e-03
   -2.417391166090965e-03
   -6.006090436130762e-03
   -2.838874980807304e-02
   -9.985493496060371e-03
   -3.240000223740935e-03
   -3.206555172801018e-02
   -4.169131629168987e-03
   -2.390375360846519e-02
   -8.078464306890965e-03
   -2.790464321151376e-03
   -4.451676271855831e-03
   -8.610479533672333e-03
   -3.181541711091995e-02
   -4.686096683144569e-03
   -3.070482984185219e-03
   -3.647367237135768e-03
   -4.069325514137745e-03
   -2.371863229200244e-03
   -8.971566334366798e-03
   -1.801398466341197e-03
   -6.207204423844814e-03
   -5.752868484705687e-03
   -2.932393923401833e-02
   -2.441415935754776e-02
   -1.205272227525711e-02
   -7.036637514829636e-03
   -3.911204636096954e-03
   -3.789514768868685e-03
   -3.478918224573135e-03
   -5.568506196141243e-03
   -7.404273841530085e-03
   -2.507532201707363e-02
   -4.572408273816109e-03
   -3.952893894165754e-03
   -2.895692177116871e-02
   -9.126178920269012e-03
   -1.791206537745893e-03
   -1.223014108836651e-02
   -3.109547076746821e-03
   -1.926110684871674e-02
   -3.109393082559109e-02
