   -2.22182e-01
   -2.59910e-01
   -1.72140e-01
   -1.28213e-01
   -1.59055e-01
   -2.58396e-01
   -2.28586e-01
   -3.47979e-01
   -1.24012e-01
   -3.42666e-01
   -1.47471e-01
   -3.24684e-01
   -1.35815e-01
   -1.29741e-01
   -1.46069e-01
   -2.23330e-01
   -5.18799e-01
   -2.56267e-01
   -1.39089e-01
   -1.39131e-01
   -2.54641e-01
   -2.91038e-01
   -1.75355e-01
   -1.92940e-01
   -5.01298e-01
   -1.35267e-01
   -1.65015e-01
   -5.12770e-01
   -1.29117e-01
   -1.89752e-01
   -2.60212e-01
   -5.16978e-01
   -1.90600e-01
   -2.40642e-01
   -1.47594e-01
   -1.75146e-01
   -2.10104e-01
   -1.50177e-01
   -1.58963e-01
   -2.78561e-01
   -2.22018e-01
   -1.37326e-01
   -1.68616e-01
   -1.78290e-01
   -1.61761e-01
   -1.88895e-01
   -2.43834e-01
   -4.85814e-01
   -4.90221e-01
   -1.58919e-01
   -2.14626e-01
   -1.35777e-01
   -1.56429e-01
   -1.24026e-01
   -4.51941e-01
   -1.62013e-01
   -5.39869e-01
   -2.75354e-01
   -1.66666e-01
   -1.45339e-01
   -2.45501e-01
   -4.83057e-01
   -1.57060e-01
   -2.26473e-01
   -1.48585e-01
   -1.34411e-01
   -1.29572e-01
   -5.48129e-01
   -3.73493e-01
   -1.57853e-01
   -2.30931e-01
   -1.50147e-01
   -1.64246e-01
   -2.30592e-01
   -4.98062e-01
   -4.79804e-01
   -1.29184e-01
   -1.36310e-01
   -5.20486e-01
   -2.61636e-01
   -1.39971e-01
   -2.57442e-01
   -2.73909e-01
   -2.84693e-01
   -2.23743e-01
   -1.83068e-01
   -1.30704e-01
   -1.72811e-01
   -2.01945e-01
   -5.39339e-01
   -3.38866e-01
   -3.82878e-01
   -2.31570e-01
   -1.26045e-01
   -1.50375e-01
   -2.06002e-01
   -1.30797e-01
   -3.14600e-01
   -3.05294e-01
   -1.28496e-01
   -1.93090e-01
   -2.01559e-01
   -4.12548e-01
   -1.47099e-01
   -1.65290e-01
   -2.59359e-01
   -2.26184e-01
   -1.41617e-01
   -1.98821e-01
   -1.37409e-01
   -1.94868e-01
   -5.09762e-01
   -5.29115e-01
   -2.66674e-01
   -5.20395e-01
   -4.87650e-01
   -3.70638e-01
   -1.63522e-01
   -1.38936e-01
   -5.55622e-01
   -2.35310e-01
   -1.35369e-01
   -2.95984e-01
   -1.57630e-01
   -2.83360e-01
   -3.45609e-01
   -3.54125e-01
   -1.32372e-01
   -5.11883e-01
   -1.51981e-01
   -2.52481e-01
   -5.57828e-01
   -4.04884e-01
   -3.51433e-01
   -1.27475e-01
   -2.06485e-01
   -2.18927e-01
   -2.19502e-01
   -1.74910e-01
   -2.08424e-01
   -1.36156e-01
   -3.41957e-01
   -1.59993e-01
   -2.00737e-01
   -1.65312e-01
   -1.66400e-01
   -2.85283e-01
   -4.05965e-01
   -1.93354e-01
   -2.47269e-01
   -1.85502e-01
   -1.42636e-01
   -2.22154e-01
   -1.70716e-01
   -1.50983e-01
   -1.28946e-01
   -5.20226e-01
   -1.46204e-01
   -2.86366e-01
   -5.54363e-01
   -2.79839e-01
   -2.63837e-01
   -1.57551e-01
   -3.00079e-01
   -1.28689e-01
   -4.39275e-01
   -1.27587e-01
   -1.42323e-01
   -1.32605e-01
   -2.23586e-01
   -4.71658e-01
   -2.05115e-01
   -2.20495e-01
   -3.55843e-01
   -2.41068e-01
   -1.84042e-01
   -2.07866e-01
   -5.43692e-01
   -1.57689e-01
   -3.21054e-01
   -5.42889e-01
   -2.06210e-01
   -5.20915e-01
   -5.43731e-01
   -1.80447e-01
   -2.08317e-01
   -3.02913e-01
   -2.40472e-01
   -1.25100e-01
   -1.60186e-01
   -2.90188e-01
   -1.27937e-01
   -3.53858e-01
   -1.29178e-01
   -4.31368e-01
   -1.55289e-01
   -1.73756e-01
   -2.47428e-01
   -3.35462e-01
   -5.18138e-01
   -1.36707e-01
   -1.25136e-01
   -1.27867e-01
   -2.32862e-01
   -2.66578e-01
   -1.32496e-01
   -1.30392e-01
   -1.82354e-01
   -3.19526e-01
   -2.53155e-01
   -2.17295e-01
   -4.46618e-01
   -1.89251e-01
   -1.85311e-01
   -1.85907e-01
   -2.79305e-01
   -3.15456e-01
   -1.29204e-01
   -1.76821e-01
   -1.60955e-01
   -1.97514e-01
   -1.76815e-01
   -2.12762e-01
   -1.62030e-01
   -4.85705e-01
   -1.60902e-01
   -1.74650e-01
   -1.35363e-01
   -1.69011e-01
   -1.31655e-01
   -1.47426e-01
   -3.08116e-01
   -1.63284e-01
   -1.31186e-01
   -2.01279e-01
   -2.62609e-01
   -2.70685e-01
   -3.13545e-01
   -4.64877e-01
   -1.40128e-01
   -1.56684e-01
   -1.59144e-01
   -2.31511e-01
   -4.91663e-01
   -1.40864e-01
   -1.75980e-01
   -1.30576e-01
   -4.51924e-01
   -3.34545e-01
   -5.62597e-01
   -5.43628e-01
   -2.31684e-01
   -1.54438e-01
   -2.29931e-01
   -1.50290e-01
   -2.83603e-01
   -1.99081e-01
   -2.11668e-01
   -4.19416e-01
   -1.91737e-01
   -1.34533e-01
   -2.38018e-01
   -1.41024e-01
   -2.49379e-01
   -4.72123e-01
   -1.32220e-01
   -4.97331e-01
   -1.26640e-01
   -1.91726e-01
   -4.52849e-01
   -2.36168e-01
   -5.13881e-01
   -1.34460e-01
   -1.79204e-01
   -3.91544e-01
   -2.85756e-01
   -2.07315e-01
   -3.40039e-01
   -5.39802e-01
   -1.66731e-01
   -1.54619e-01
   -1.81705e-01
   -1.53715e-01
   -2.15993e-01
   -1.64255e-01
   -4.48183e-01
   -3.50080e-01
   -2.56889e-01
   -1.31497e-01
   -1.52442e-01
   -3.23718e-01
   -1.52355e-01
   -1.54344e-01
   -1.49127e-01
   -1.35377e-01
   -5.35992e-01
   -1.81432e-01
   -1.51668e-01
   -2.39264e-01
   -1.94123e-01
   -2.74697e-01
   -1.24565e-01
   -4.56056e-01
   -3.31175e-01
   -1.32862e-01
   -2.00375e-01
   -2.15358e-01
   -2.51164e-01
   -2.10212e-01
   -3.04344e-01
   -2.81629e-01
   -1.56795e-01
   -2.53926e-01
   -2.62496e-01
   -2.41012e-01
   -2.43975e-01
   -1.30409e-01
   -3.24084e-01
   -4.70198e-01
   -1.48695e-01
   -1.26791e-01
   -1.34003e-01
   -5.41511e-01
   -3.28492e-01
   -1.74886e-01
   -4.82425e-01
   -2.72619e-01
   -2.51921e-01
   -3.06473e-01
   -1.45794e-01
   -2.11701e-01
   -4.08887e-01
   -1.37493e-01
   -5.29768e-01
   -1.40233e-01
   -1.71911e-01
   -1.63467e-01
   -2.24487e-01
   -1.37791e-01
   -1.36707e-01
   -4.53597e-01
   -1.71631e-01
   -1.44122e-01
   -1.72461e-01
   -2.62114e-01
   -1.83555e-01
   -1.26858e-01
   -1.36073e-01
   -1.88973e-01
   -5.59317e-01
   -2.21762e-01
   -2.30491e-01
   -3.57747e-01
   -3.52754e-01
   -2.58850e-01
   -2.54892e-01
   -1.33778e-01
   -1.96037e-01
   -1.33432e-01
   -2.05700e-01
   -3.15778e-01
   -3.53748e-01
   -2.03392e-01
   -2.56090e-01
   -2.68574e-01
   -1.69911e-01
   -2.49403e-01
   -5.03041e-01
   -1.65812e-01
   -2.13552e-01
   -1.41383e-01
   -2.11251e-01
   -4.01169e-01
   -2.59142e-01
   -1.38896e-01
   -1.36825e-01
   -4.51149e-01
   -1.69614e-01
   -1.90747e-01
   -2.59374e-01
   -2.31025e-01
   -2.19754e-01
   -1.98428e-01
   -1.82353e-01
   -1.38074e-01
   -1.71858e-01
   -1.79797e-01
   -1.25750e-01
   -2.48453e-01
   -1.82711e-01
   -3.73566e-01
   -2.95530e-01
   -1.65935e-01
   -3.95039e-01
   -1.84796e-01
   -2.71170e-01
   -2.83268e-01
   -3.28416e-01
   -1.81564e-01
   -3.46465e-01
   -3.32930e-01
   -4.37805e-01
   -4.98701e-01
   -1.53482e-01
