    2.02984e-03    -2.56870e-02     1.38712e-01
    1.82330e-01     4.86776e-01     1.06407e+00
    4.95058e-03    -1.82007e-02     2.80344e-02
   -1.76467e-02     7.07326e-02     7.63272e-02
    2.46299e-03    -4.06897e-03     4.86372e-03
   -8.06286e-03    -6.50252e-03     1.09676e-02
    3.68367e-03     5.14278e-03     1.34784e-02
   -4.61372e-02    -5.80522e-01    -9.11614e-02
    1.12950e-01    -3.93774e-02    -4.19166e-02
   -5.69589e-03     9.77865e-03     1.57976e-02
    2.03345e-03    -5.37827e-03    -2.84148e-03
    1.76904e-02     4.33312e-02     5.96446e-02
    3.19855e-03     7.75186e-02     7.33402e-02
    9.79673e-03     2.29540e-02    -7.90186e-03
    1.93197e-02     1.88538e-02     5.69714e-02
   -5.17050e-03    -2.21732e-03    -8.98549e-03
    3.27881e-03     2.46342e-03     7.37195e-03
   -1.64529e-02     3.78540e-03    -4.41790e-03
   -9.54319e-04    -2.02714e-02    -2.28785e-02
    1.35489e-01     2.23595e-01     5.47222e-01
    1.07243e-01     5.01729e-02    -4.56547e-02
   -1.91258e-03    -7.36786e-03     1.74832e-02
    6.96439e-02     1.38382e-02    -7.97091e-02
   -5.75060e-02     1.44941e-02    -9.95186e-03
    1.32164e-01    -1.16211e-01    -5.23514e-01
    3.12359e-03     6.89134e-03    -3.49968e-03
    1.71844e-03    -3.47255e-02    -1.47913e-02
    1.23043e-02     1.58405e-02    -1.77253e-02
    1.47581e-01     1.16009e-03    -1.41944e-02
   -2.75295e-03     1.70582e-02    -7.66911e-03
    2.03748e-03     8.04356e-03     1.07688e-03
    1.87905e-02     1.28306e-02    -6.82877e-02
    1.22980e-02     3.27604e-02    -6.13598e-03
    1.58213e-02    -4.00323e-02    -8.70553e-02
    1.54420e-01     3.40451e-01     1.41075e-01
   -3.35378e-03     5.28678e-03    -1.62688e-02
   -1.31067e-02     5.02635e-04    -6.90361e-03
    3.46187e-02    -6.86209e-02    -1.19804e-02
    1.20896e-02     1.85232e-02    -3.57223e-02
    3.45384e-01     8.98422e-01     7.95807e-02
   -5.14409e-02    -1.44523e-02     3.47829e-02
    1.13360e-02     2.63257e-02     5.44779e-03
    3.53227e-03    -3.25708e-02     2.02198e-02
   -5.01062e-02    -4.46637e-02    -1.40472e-01
   -3.38027e-03    -5.35748e-03     7.37162e-03
    3.24798e-03     1.76356e-03     4.92948e-03
    6.72190e-03    -2.42743e-02     7.44500e-03
    1.33592e-01     2.40501e-01    -2.99781e-01
    8.52145e-03     8.40335e-04     1.52711e-02
    1.13077e-02     4.51537e-03    -8.26295e-03
    2.67181e-03     3.93869e-03     3.36490e-03
   -9.22454e-04    -1.11906e-02     3.87736e-03
    1.79433e-02     5.42537e-02     3.96817e-02
    1.36974e-03     5.56984e-03    -3.08124e-02
   -4.37162e-02    -6.34744e-02     1.18760e-02
    6.42302e-02    -1.49416e-02     2.86476e-02
    7.79799e-02     5.48056e-02    -4.04245e-02
    4.51923e-03    -4.62596e-03    -4.02915e-03
   -2.04171e-01    -9.64846e-02    -2.06251e-01
    6.06901e-02    -8.57129e-03    -2.77570e-01
    1.51969e-02    -1.69317e-02     8.48531e-03
    3.09633e-03     4.11939e-03    -2.74394e-03
    2.71011e-03    -4.80348e-03     1.96862e-02
    3.94010e-03    -6.44948e-03    -1.78966e-03
   -1.65508e-01    -8.41765e-02    -2.14964e-01
    2.92547e-01     7.01788e-01    -5.77644e-01
   -1.14196e-01    -7.69680e-02    -1.29121e-01
   -1.36563e-02    -3.16988e-02    -1.55260e-02
   -8.24439e-03    -1.76241e-02    -3.25202e-02
   -2.10332e-02    -3.84569e-02     8.74689e-03
    7.93542e-02    -1.14873e-04    -3.15037e-03
    3.32901e-02     6.93588e-02    -4.17385e-02
    1.75411e-01    -6.69469e-02     1.48837e-01
    8.10470e-04    -7.13555e-04     1.06513e-02
    3.27612e-02     1.97772e-02    -7.37589e-02
    2.23526e-01     2.48475e-01    -6.66099e-01
    3.38814e-02     5.02092e-02     2.13447e-02
    5.01079e-02    -2.13094e-02    -5.50958e-02
    4.56877e-02     5.76386e-02     4.02205e-01
    2.34216e-03    -4.07791e-03    -4.16398e-03
   -5.14025e-02    -8.16587e-03     9.71921e-02
    3.12420e-03    -6.68035e-03    -1.27881e-03
    6.48253e-03     4.21022e-03     9.91293e-03
   -1.24596e-03    -1.25411e-02     2.42734e-02
    3.55749e-02     1.02804e-01    -9.00879e-02
    1.29434e-02    -4.64180e-02     3.62776e-02
    4.59076e-02     8.54270e-02    -5.60819e-01
    1.24499e-02     1.25554e-02    -1.52796e-02
   -1.74870e-03     1.58332e-02    -1.16966e-02
   -4.29775e-02    -5.16561e-02    -5.50644e-03
    1.32204e-01     7.98256e-02     1.70351e-02
   -1.68112e-02     5.41417e-03    -1.09055e-02
    7.62659e-03     1.18858e-02     4.63003e-03
    4.42622e-02    -6.54728e-02     3.87873e-02
    9.60758e-04     6.36602e-03    -7.29313e-03
    1.04215e-02    -1.01717e-01     1.22040e-01
   -3.28567e-02     1.30774e-02     2.46893e-02
    2.13760e-02     1.34351e-01    -6.17833e-02
    3.31327e-02     5.30152e-02    -2.38079e-02
   -5.43528e-02     5.06902e-02    -2.83413e-02
    1.12865e-02    -2.21453e-02    -5.85444e-02
   -2.08258e-03    -1.04101e-02     5.05463e-04
    9.96799e-03    -9.94577e-03     1.29427e-02
   -5.48350e-02     2.86446e-01    -2.71301e-01
    2.47194e-03    -6.15003e-03    -2.31410e-04
   -1.90560e-02    -6.48073e-03    -6.63770e-03
   -9.12864e-03     3.98574e-03     4.74937e-02
    3.56015e-03     4.00999e-03     2.03636e-03
    4.85092e-03    -2.88154e-03    -5.27779e-03
    8.18364e-03    -3.54800e-03     4.72292e-03
    9.92831e-03    -1.07554e-02    -5.97471e-03
   -9.50092e-04    -1.51844e-02    -1.59208e-02
    2.09164e-03     8.39834e-03     2.81780e-02
    4.91901e-03     2.54402e-03     4.21542e-03
    9.59600e-03     7.39175e-03    -3.48729e-02
    3.02120e-03     4.97276e-03     2.11375e-03
    9.12862e-02     1.20556e-01     1.79113e-01
    2.90876e-01    -4.72349e-01     4.67268e-01
    2.11029e-02    -8.13623e-03     8.79786e-02
   -2.57207e-03    -7.81517e-03    -2.35210e-03
    1.27673e-02     2.67752e-02    -1.14696e-02
    2.21810e-02    -2.81272e-02    -1.03114e-02
    1.47266e-02     4.20722e-02     5.74927e-03
    1.37510e-01    -8.73341e-02     3.71100e-02
    1.13581e-02    -4.92188e-03    -2.26276e-02
   -2.23871e-02    -1.46275e-02    -3.66287e-02
   -2.59896e-03    -1.38450e-02    -3.35772e-03
    1.31955e-01     1.77315e-01    -6.27688e-01
    7.32183e-03    -7.81204e-03     8.67238e-04
    4.45962e-03     9.17691e-04    -1.37410e-02
    5.77725e-03     1.15431e-02     2.14486e-03
    2.22789e-02    -1.94852e-03     7.67659e-02
    1.70138e-01     2.46428e-01    -4.76846e-01
   -5.28025e-03     9.01121e-03    -5.12106e-03
   -2.43373e-02    -7.58032e-04     3.60213e-04
   -8.03615e-04    -3.81673e-03    -9.58251e-03
    4.41031e-02     6.99162e-03     4.64556e-03
    3.87078e-02     5.45466e-02    -3.51892e-02
   -3.12334e-02    -2.49725e-02    -5.57231e-03
    1.87355e-02     3.98372e-02    -8.82078e-02
    2.10230e-02     1.63870e-02    -3.94269e-03
    2.58502e-03    -4.67259e-03    -3.83932e-03
   -5.33237e-02     9.57844e-02     1.22322e-01
   -6.09153e-02    -6.85355e-01    -1.04242e-01
    6.05007e-04     4.27970e-03    -7.90542e-03
    5.57213e-03    -9.39637e-04    -9.07090e-03
    6.32159e-03    -2.14698e-02     2.13005e-02
    3.87397e-03     8.33869e-03    -4.97915e-03
   -8.54025e-02     6.76639e-03     2.83875e-02
   -9.26051e-05     9.37906e-03     2.56399e-03
   -3.41616e-02     6.04834e-03    -1.32696e-02
    5.15110e-03    -8.24015e-04    -5.71728e-03
   -7.45815e-02    -7.09368e-01     3.20078e-01
    2.61334e-03     2.26199e-02    -1.14583e-02
    2.88616e-02    -2.87893e-03     3.25482e-02
    6.88691e-02    -8.70810e-02    -1.57345e-01
    2.23891e-02    -6.35784e-04    -1.82450e-01
   -1.02746e-03    -8.85101e-03    -7.40633e-04
    1.62525e-02    -1.19449e-01     1.97092e-01
   -7.96126e-02    -8.83307e-01     6.29671e-01
    4.30546e-02     7.16183e-02     2.12043e-02
   -7.99956e-02    -3.54401e-02     5.32030e-02
    1.82628e-02    -5.61764e-03    -1.84565e-02
    9.27819e-03     1.75595e-02     7.77012e-03
    2.18089e-02    -3.98567e-03    -1.03012e-02
    1.02176e-02     5.54944e-03     8.81883e-03
    4.43605e-03    -8.38451e-03    -1.42541e-03
    2.53353e-01     7.55992e-01     3.08755e-01
   -3.31690e-03    -2.06668e-02    -2.56919e-02
    1.82486e-03     3.11683e-02     8.97249e-03
    6.80896e-03     4.72011e-03    -1.29537e-03
    3.78578e-02    -9.37981e-02    -1.21863e-02
    2.90722e-02    -2.38193e-02    -1.77187e-02
   -2.46862e-01    -7.01086e-02     4.89908e-02
    1.17526e-01     2.73387e-01    -5.09759e-02
   -7.09585e-02     4.16737e-02    -1.07303e-01
    1.73823e-02     4.20680e-02     7.92278e-03
   -9.13080e-03     9.68325e-03     6.16018e-03
    3.57630e-03    -3.59592e-04     5.71381e-03
    1.17286e-01     2.65269e-01    -5.62654e-02
    1.69913e-02     6.32523e-02     4.04032e-03
    9.00347e-03     4.91627e-03     1.53462e-02
   -7.10124e-01    -2.36795e-01    -5.27444e-01
    7.42750e-03     1.68257e-02    -6.67544e-03
    1.73332e-03    -6.39623e-03     3.52416e-02
    9.61157e-04     8.07732e-03     1.06170e-03
   -4.92511e-02    -3.71288e-02     1.46575e-02
   -1.67031e-02    -2.57905e-02     7.27385e-02
   -1.87767e-02     1.08149e-04    -5.12805e-03
   -9.12403e-02    -5.20400e-02     5.55159e-02
    1.59932e-02     2.23643e-02    -3.92062e-02
    3.97537e-03     2.76036e-03     5.50594e-03
   -5.80249e-02     5.26624e-02    -1.05950e-02
    2.08291e-02    -1.96980e-02    -5.01986e-02
    1.26375e-02     4.24002e-03     9.05759e-03
    8.74805e-03     4.43342e-03    -1.88869e-02
   -1.62041e-02    -1.21870e-02    -5.15938e-02
   -1.13718e-03     1.25784e-02    -1.72608e-03
    9.33825e-03     1.46164e-02    -1.16083e-02
    9.96597e-02     6.53487e-02    -1.63067e-01
    6.01596e-02     4.40486e-02    -3.79223e-04
   -8.30821e-03     4.73920e-03    -1.27133e-02
   -2.32340e-01    -2.04142e-01     7.88580e-02
    1.09749e-02     1.35537e-02    -3.81472e-02
    1.94824e-02    -1.42116e-02     2.40209e-04
    1.77899e-01     4.24248e-01    -1.89218e-01
   -1.14716e-02    -4.88298e-03    -2.47683e-02
   -8.86730e-03    -5.71309e-02     8.58213e-03
    4.67608e-02     2.22680e-02     2.20931e-02
   -4.78634e-03     1.72630e-02    -4.08440e-03
    1.39634e-03    -2.83976e-02     2.05186e-02
    2.29970e-02    -2.02422e-02    -3.11969e-02
   -2.66265e-03     1.35638e-03     3.19335e-02
    7.78680e-04    -1.42696e-02     8.19030e-03
   -1.80320e-02     6.26988e-03    -1.16682e-02
   -3.88926e-02    -1.52593e-02     7.69508e-02
    7.91432e-03    -1.44495e-03     1.31323e-02
    1.76158e-02     5.40943e-03     7.77077e-03
    2.71510e-02     2.38724e-02     1.69302e-02
   -2.34111e-02    -4.44508e-02     2.19342e-03
    2.25940e-03    -3.13287e-02    -2.23217e-02
    1.75268e-02     4.16561e-02    -1.54513e-03
    1.65036e-02     5.94584e-02     2.34323e-02
    9.74466e-03     5.28236e-03    -1.11312e-03
    2.48023e-02     3.49601e-02    -4.62000e-02
    8.49836e-02    -3.14326e-02    -5.46680e-02
   -5.01942e-03    -2.80853e-03    -1.61052e-02
    4.13684e-02     5.39962e-02    -9.36871e-02
    1.91152e-02     2.88026e-02    -4.85601e-02
    3.78846e-02     1.00137e-01    -2.01148e-01
    7.49205e-03     1.45087e-02    -1.00540e-02
   -5.17950e-02    -7.61970e-02     6.67086e-02
    3.17947e-01     1.00906e+00     4.60121e-01
   -1.34400e-03    -1.84841e-02    -1.57825e-02
    6.12251e-03    -6.72186e-03     1.11343e-02
    5.48954e-03    -6.37143e-03     1.89672e-02
    4.37016e-02    -1.03718e-01     2.03344e-01
    3.11892e-03     1.13147e-02     7.11399e-03
    2.91613e-01     2.97418e-01     1.01514e+00
    1.78574e-01     4.07792e-01    -2.41647e-01
    3.06168e-01     6.72212e-01    -2.33666e-01
   -3.67807e-03    -2.01345e-02     1.63735e-02
    3.96494e-03    -8.71363e-02     5.22274e-02
    1.80319e-02     3.88462e-02    -5.32067e-02
    6.33952e-03    -5.50111e-03     5.17111e-03
   -2.44148e-01    -1.68947e-01    -3.18506e-02
   -3.51404e-02    -2.89112e-02     8.87990e-03
    2.11026e-03    -4.21720e-03    -1.48292e-02
   -3.09256e-02    -1.70630e-02     1.83988e-03
    2.86702e-03     6.35208e-04     7.04626e-03
   -4.98230e-05    -2.26290e-02    -2.38487e-02
   -3.20819e-02    -3.34889e-02    -8.94905e-02
    2.38215e-03    -4.38831e-03    -5.85434e-03
    2.94160e-04    -1.34397e-02    -4.54838e-03
    3.87646e-03     1.79009e-02     8.63757e-03
   -2.16277e-02    -5.78515e-03     4.23838e-02
    3.31370e-03    -7.72429e-03    -2.10722e-02
    2.11099e-01     5.74559e-01    -3.61512e-01
   -1.30541e-01    -1.48605e-02    -1.43271e-01
   -1.61798e-01    -5.99084e-01     3.22006e-01
    3.88581e-01     9.41678e-01    -5.01232e-01
    2.74080e-03    -1.19382e-03     1.20171e-02
    8.04212e-04    -5.71851e-03    -4.24322e-03
   -4.74052e-02    -3.23174e-02     2.15780e-02
   -9.60949e-03    -6.02875e-01    -6.82934e-01
    3.57329e-02     9.55161e-02    -1.11729e-01
    1.99416e-02    -4.85094e-03    -3.49264e-03
    3.82567e-03     4.55246e-03    -2.40232e-03
   -2.85669e-02    -1.24292e-02     8.01956e-02
   -6.98707e-03    -4.13323e-02    -6.79646e-05
   -3.69544e-02    -1.01056e-01     1.57479e-01
    2.61372e-03     1.29651e-02    -8.29056e-03
    6.91863e-03     1.30582e-03    -3.00301e-03
    9.21096e-02     4.12345e-04     8.81699e-03
    1.10840e-02    -5.11696e-02    -5.50236e-02
   -2.07226e-01    -6.47077e-01     9.46610e-01
    1.49732e-03     6.94288e-03    -1.81059e-03
    1.07332e-01    -4.08628e-02    -2.43514e-02
    8.96107e-03     1.85279e-02     5.34879e-03
    1.29265e-01    -1.61661e-01    -4.16055e-01
   -5.66311e-03    -3.25751e-02     2.39661e-02
    3.11332e-01     4.97400e-01     5.14314e-02
    1.83683e-02    -2.64601e-03    -7.90336e-04
    3.60077e-03     4.08132e-03     4.36733e-03
    3.38018e-03     4.44129e-03    -3.39090e-03
    1.36755e-02     2.79671e-02    -2.58205e-02
    1.50160e-02    -2.85746e-02     7.04027e-03
    3.60287e-02     6.17968e-02    -4.97994e-02
    3.72932e-01     8.04505e-01    -1.37760e-03
    9.04240e-02     1.86715e-01     4.27256e-01
   -2.04404e-02    -2.04668e-02    -5.59525e-02
    3.21806e-03     7.86437e-03    -4.21244e-03
    1.88323e-02     1.53334e-02    -2.03019e-03
    1.82627e-02     1.47572e-02     4.66912e-02
   -1.33226e-02     1.65118e-02     4.82518e-03
    4.35872e-02    -4.55806e-03     7.71125e-03
   -6.68532e-03    -1.45882e-02    -1.09848e-02
    2.21860e-03     6.94371e-03     5.89225e-03
    1.90575e-02     3.27510e-03    -1.11842e-02
   -2.19231e-01    -3.95901e-02     2.60899e-01
   -1.53877e-02     9.15116e-03    -3.94057e-04
   -5.37427e-04    -3.96682e-03    -1.66834e-02
    4.47832e-03    -1.87512e-02     2.61713e-02
   -1.56862e-01    -1.03797e-01     1.93964e-01
   -8.16029e-02    -7.27515e-02     3.61868e-02
    1.16620e-02    -8.19355e-04    -1.33194e-02
    8.31964e-03    -3.16263e-03    -1.19625e-02
   -6.78387e-03     5.13994e-03     1.06462e-02
    1.56474e-02    -1.54158e-03    -1.65439e-02
    2.35768e-02    -1.05882e-01     1.09260e-02
    2.48709e-01     5.20243e-01    -3.95027e-01
    8.02026e-03     7.42333e-04    -3.39841e-02
    7.37914e-03    -2.80282e-02    -8.08534e-03
    1.53121e-01     3.34122e-01    -1.11973e+00
    2.89121e-03     2.73182e-03    -8.54927e-03
   -1.68060e-02     1.79896e-02    -3.51696e-02
   -2.95971e-02    -3.17766e-01    -1.14107e-01
    9.71181e-03    -1.20782e-02     2.48519e-02
   -3.00983e-02    -2.51530e-02    -1.46059e-01
   -1.12769e-01    -1.07362e-01    -1.34462e-01
   -5.07099e-02    -1.43897e-01    -1.31909e-01
    3.68978e-02    -3.81291e-02    -2.93902e-02
    1.12471e-01     1.47481e-01    -8.55413e-01
   -8.08566e-03     2.61871e-02    -3.49067e-03
    5.42177e-04     1.64947e-02     2.12401e-02
   -1.10667e-01     2.58751e-02     6.79235e-02
    1.88122e-02    -1.56812e-01     1.11095e-01
   -3.65839e-02    -7.62671e-01    -6.94886e-01
    8.85753e-03     1.43420e-01    -1.43819e-03
    1.32153e-01     1.21761e-01    -4.79388e-01
    3.52793e-03    -4.05003e-03    -7.96562e-03
    7.44598e-03     9.96003e-03     9.85546e-03
   -1.69083e-02    -1.08717e-01     1.06482e-01
    2.26732e-01     4.49950e-01     1.61147e-01
    7.07061e-03     9.30948e-03    -4.05742e-03
   -2.60130e-02    -7.16493e-02    -4.69366e-02
   -3.08792e-02    -7.30592e-03     3.22835e-02
    2.09340e-02     3.45162e-02     6.44959e-02
    3.16902e-02    -2.07174e-02    -2.49867e-02
    1.20718e-02     4.10681e-03    -3.91675e-03
   -3.20962e-02     4.20199e-02    -9.66852e-02
    1.03419e-02     6.55442e-03    -1.78486e-02
    5.25997e-03    -1.62924e-03     9.35294e-03
    1.57010e-02     3.47878e-02     1.12449e-02
    3.00092e-01     7.36184e-01    -4.40537e-01
    6.51323e-03     4.28866e-02     2.77164e-02
    1.21241e-02    -4.90539e-03     3.98596e-02
    2.57441e-01     6.50715e-01     3.65268e-02
    8.78801e-02    -1.47275e-01     3.11481e-01
    4.27131e-02     4.47789e-01    -2.15790e-01
    1.95154e-03     2.79692e-03    -4.68717e-03
    4.88056e-03     1.95559e-04    -5.70804e-02
    8.71510e-02     5.23920e-02    -2.44482e-03
   -6.41453e-02     2.40616e-02     4.36158e-02
    4.73988e-03     1.55213e-03    -4.68638e-02
    4.54601e-03     4.08986e-03     1.71348e-03
    6.06262e-02     7.21591e-02     4.86265e-02
    1.01858e-02    -5.26941e-02     4.56577e-03
    2.64374e-02    -3.99636e-03    -2.13795e-02
   -1.48127e-02     3.90947e-02     1.27077e-02
    1.31021e-02     9.77425e-03    -8.76099e-04
    7.06372e-03     1.51398e-02     3.03381e-03
    3.49127e-03     4.42794e-03     2.90329e-03
   -6.21438e-03     3.01589e-02    -5.56909e-03
    5.99094e-02     3.66018e-01    -2.93628e-02
    9.52868e-03     2.64255e-02     2.45119e-02
    3.11972e-03     4.71785e-03     3.30863e-04
    6.61480e-02    -6.31737e-02     3.75383e-02
    1.70623e-02    -2.69288e-02     1.80132e-02
    8.21503e-03     1.00261e-02     2.40832e-02
    3.40593e-03    -4.95598e-03    -2.50197e-02
   -2.46423e-03    -1.35528e-02    -9.35894e-03
    1.20916e-02     2.13682e-02    -3.66899e-03
   -6.31018e-02     2.05097e-02     1.31074e-02
   -8.36946e-02    -5.14933e-01     5.46445e-01
    1.42482e-01     1.73300e-01    -4.17659e-01
    1.86587e-01    -1.31513e-01     6.12375e-02
    1.59969e-01     3.35459e-01    -2.68370e-01
   -6.04537e-02    -1.00514e-01     8.58602e-02
    4.31532e-03     4.22593e-03     7.90413e-03
    3.08580e-02     2.06247e-02    -2.39460e-03
    6.39427e-03    -2.36255e-03    -5.68756e-03
    4.92644e-03    -3.83948e-03     2.44167e-02
    2.67075e-03     8.02482e-04    -1.95334e-02
   -7.52016e-02    -7.77831e-01    -3.66128e-01
    2.75428e-02    -3.13670e-02     4.54590e-02
    1.01886e-01    -2.14497e-02     1.18193e-01
    1.27782e-02    -5.70434e-04    -2.40390e-02
   -6.07019e-03    -2.96757e-03    -2.39841e-02
   -1.31645e-02    -1.16161e-01     9.27318e-02
   -4.50669e-02    -5.83924e-02    -5.92984e-02
    2.62871e-02     6.90506e-02     3.68756e-02
   -4.86304e-03     1.62812e-02    -1.28695e-02
   -1.49250e-02     3.38913e-02    -6.13513e-02
    1.92525e-02     3.30154e-03     4.10529e-02
    1.29300e-03    -7.34168e-03     1.13814e-02
    1.89532e-02    -1.76353e-02    -7.83377e-02
   -2.65658e-03    -1.10926e-02    -8.88852e-03
   -1.20082e-02     1.96078e-02    -1.12619e-01
   -4.57994e-03     1.41856e-03    -1.69938e-02
    2.55940e-02    -4.81164e-02    -1.18775e-02
    4.61249e-01     1.06314e+00    -3.61576e-01
   -1.52778e-01     1.23989e-02    -1.10945e-01
    1.75176e-03    -6.62433e-03     3.69245e-03
    5.89433e-02    -3.66892e-02     1.73300e-02
    9.06836e-03    -4.26858e-02    -3.21480e-02
    6.45874e-03    -1.21102e-02     4.49635e-03
    2.57137e-03    -4.53831e-03     1.01356e-02
   -1.99752e-01    -1.79813e-01     4.30255e-02
    1.10657e-01     2.96773e-02     5.47267e-02
   -8.82475e-03    -7.62187e-03     3.31585e-03
    2.70915e-03     2.90891e-02    -2.24055e-02
   -1.54171e-01     9.38830e-02     9.23452e-02
   -2.77619e-02    -1.15270e-02     5.04242e-02
    5.90631e-03    -8.21786e-03     3.02842e-03
    3.73312e-01     8.28031e-01     6.62467e-01
   -9.25618e-03    -2.31032e-03     1.10502e-02
    9.50901e-03    -1.87732e-02    -6.22474e-02
    1.48194e-02    -1.15320e-02     7.74703e-02
    2.21914e-03     9.74633e-03     6.67148e-03
    1.22675e-01     1.70474e-01     3.27959e-01
   -5.28352e-02    -2.11397e-01     1.65957e-01
    1.07871e-02    -1.56162e-03    -5.03846e-02
    8.47080e-02     3.05196e-01     2.97628e-01
    3.57063e-01     9.99132e-01     5.78828e-01
    9.17202e-02    -1.93068e-02     6.60556e-02
    3.88522e-02     1.39975e-02    -8.96817e-02
    3.87820e-03    -5.19400e-03    -1.91570e-02
    4.92996e-03     8.46602e-03     1.75501e-03
    1.88824e-02    -2.77081e-01    -7.36858e-01
    1.96698e-03     5.06017e-03     2.87986e-03
   -1.39708e-01    -7.78904e-02    -3.07849e-02
    1.09271e-02    -1.63434e-02     7.82849e-03
    8.62082e-03    -3.66430e-02    -4.08646e-02
    1.94450e-02     3.34796e-02    -1.31242e-02
    1.02272e-02    -6.30197e-03    -1.97175e-02
    1.74862e-02     1.54708e-02    -1.87539e-02
    1.07807e-02    -2.41371e-02     6.74993e-03
    5.10981e-02     1.35842e-03    -9.02234e-03
   -3.13623e-03    -5.17538e-03     8.85180e-03
    1.92166e-02     3.48489e-02     8.38725e-02
    4.12771e-02    -2.12072e-01     2.95479e-02
    1.87178e-02     3.12629e-03    -6.52293e-02
   -5.50936e-02    -8.68462e-03    -5.65680e-02
    1.11524e-02    -9.19136e-03    -2.24831e-02
    2.22082e-03     1.04864e-02    -5.76779e-04
    7.58759e-03    -2.14553e-02     2.49776e-02
    5.55806e-02     3.71062e-01     5.57975e-01
   -1.58353e-02    -8.11355e-03     9.19867e-03
    9.39335e-03    -3.14039e-03    -3.31929e-02
    1.34527e-02    -1.33442e-02     3.91052e-02
    5.59901e-02    -1.86401e-01     2.97036e-01
    4.34769e-03    -5.13467e-03    -4.28252e-03
    4.25934e-03     3.77388e-03     5.44628e-03
    1.43391e-03    -7.92772e-03    -8.24254e-03
   -4.98160e-02    -3.14492e-02     2.96096e-02
   -4.36376e-02     1.67470e-02    -8.70508e-02
   -1.16082e-02     3.21423e-02    -3.69378e-02
    7.00583e-03    -4.19091e-03    -6.70485e-03
   -6.72270e-03     1.21763e-02     7.96184e-03
    7.11581e-03    -1.10001e-02    -1.36350e-02
    3.00876e-01    -2.97286e-01     1.01206e+00
   -5.30741e-02     1.22142e-01    -3.56045e-02
   -1.97684e-02    -1.80182e-02     1.28819e-02
    1.26574e-02     4.26782e-02     1.96350e-02
    4.59096e-03    -9.76019e-03    -1.83216e-03
   -1.60290e-01    -9.31910e-01    -2.06916e-01
   -7.08823e-02     2.67636e-02    -8.77473e-02
   -6.18689e-03    -7.95500e-03    -1.32100e-02
    7.45747e-03    -7.84658e-03    -4.44797e-03
    2.78229e-02    -1.13007e-02     1.80057e-02
    4.49231e-02     1.01188e-01     1.05263e-01
   -4.04660e-06    -1.71719e-02     9.42048e-03
    2.50241e-03     2.61115e-03    -4.10108e-03
    4.98572e-03    -6.10928e-03    -2.05767e-03
    8.61440e-03    -5.07686e-03    -9.60555e-04
   -1.66530e-02    -1.46732e-03    -1.41449e-02
   -6.26335e-03    -4.22722e-02    -3.26484e-02
   -6.77871e-03     9.21748e-03    -3.17671e-03
    1.59076e-02     1.12589e-02    -9.64856e-04
    6.67406e-03     1.04454e-02    -8.71541e-03
    3.56345e-01     5.54990e-01    -7.63092e-01
    1.22429e-01     2.02467e-01    -2.75552e-01
    3.55818e-03    -3.15820e-02     4.71972e-02
   -4.88040e-02    -5.68174e-02     2.86536e-02
   -4.82815e-03    -1.50078e-03    -2.26394e-02
    3.21468e-03     7.52539e-03     6.78768e-03
    1.31171e-03    -7.04265e-03    -8.20159e-03
   -8.66361e-02    -3.61338e-03     3.40838e-02
   -4.15001e-03     3.82171e-02    -3.86712e-02
    1.52242e-01     3.32588e-01     1.09007e-01
    6.56761e-03    -1.03272e-02    -2.25772e-03
    4.40846e-03    -8.83952e-03    -6.42249e-05
    4.25664e-01     8.79561e-01     1.32840e-01
    3.92182e-03    -2.56867e-02     2.91962e-02
   -1.63241e-02     3.47585e-03    -4.96392e-03
   -1.58352e-03    -5.30580e-02     3.56652e-02
    2.41539e-03     8.28231e-03    -1.31841e-03
    3.38427e-01     1.03537e+00     2.93156e-01
    1.91036e-01     4.43480e-02    -6.50391e-01
